1667747000.188838 0.000000 0.000000 0.000000 0.000000 0.000000 0.000000 1.000000
1667747002.354376 0.172693 0.021115 0.001424 -0.001212 -0.005967 -0.003596 0.999975
1667747003.453773 0.293281 0.028637 0.001349 -0.002014 -0.013213 -0.004321 0.999901
1667747004.553183 0.423446 0.035982 0.004737 -0.002128 -0.013783 -0.005145 0.999890
1667747005.652556 0.554114 0.029903 0.005690 0.001673 -0.013118 -0.003725 0.999906
1667747006.657028 0.680703 0.035487 0.008534 0.003030 -0.012316 -0.005451 0.999905
1667747007.659848 0.809127 0.047916 0.010443 0.001969 -0.010832 -0.005805 0.999923
1667747008.660550 0.952934 0.039362 0.014034 0.000818 -0.010851 -0.004220 0.999932
1667747009.663987 1.074864 0.048941 0.025160 0.000002 -0.008889 -0.004224 0.999952
1667747010.666070 1.202107 0.052351 0.024588 0.000747 -0.011465 -0.004417 0.999924
1667747011.666360 1.340482 0.064468 0.032993 0.000780 -0.011165 -0.007428 0.999910
1667747012.666656 1.482482 0.067346 0.041294 -0.001160 -0.011831 -0.007898 0.999898
1667747013.666960 1.630577 0.066486 0.044935 0.002263 -0.007949 -0.006027 0.999948
1667747014.667285 1.777695 0.074648 0.041680 0.001625 -0.013767 -0.007288 0.999877
1667747015.667593 1.879630 0.096276 0.048342 0.001997 -0.019418 -0.075778 0.996934
1667747016.667879 1.955490 0.111049 0.023106 0.001610 -0.023295 -0.158901 0.987018
1667747020.779471 2.014243 0.061190 0.048067 0.003112 -0.012786 -0.102533 0.994642
1667747022.886791 2.037999 0.049663 0.047548 0.003376 -0.011638 -0.049744 0.998689
1667747024.985726 2.192944 0.086179 0.070544 -0.000173 -0.011878 -0.010126 0.999878
1667747026.085664 2.308604 0.093562 0.074994 -0.002788 -0.010517 -0.001708 0.999939
1667747027.283645 2.453868 0.108654 0.067653 -0.000764 -0.012065 0.018122 0.999763
1667747028.381692 2.582144 0.117570 0.064805 -0.000339 -0.012534 0.027254 0.999550
1667747029.479748 2.727598 0.105287 0.058528 0.001054 -0.017358 0.041199 0.999000
1667747030.577820 2.877735 0.133921 0.071894 0.001152 -0.015015 0.047507 0.998757
1667747031.675885 2.990450 0.171895 0.098779 -0.001842 -0.008964 0.053636 0.998519
1667747032.773923 3.076583 0.214475 0.063366 -0.002409 -0.016430 -0.074871 0.997055
1667747033.871950 3.190685 0.205738 0.108884 -0.004135 -0.009853 -0.122906 0.992361
1667747036.976219 3.256421 0.198127 0.097184 -0.003980 -0.008470 -0.051821 0.998613
1667747039.249421 3.347582 0.184505 0.087201 -0.001881 -0.007729 -0.040087 0.999165
1667747041.384285 3.533696 0.164492 0.062692 0.001338 -0.021231 -0.043156 0.998842
1667747042.451708 3.656860 0.154436 0.063072 -0.001480 -0.029344 -0.049127 0.998360
1667747044.453113 3.880423 0.182853 0.108471 -0.001991 -0.017557 -0.041459 0.998984
1667747045.453819 4.022567 0.172601 0.112918 -0.000459 -0.022519 -0.039216 0.998977
1667747046.454536 4.166772 0.167887 0.107220 -0.000074 -0.026565 -0.039929 0.998849
1667747047.455253 4.287641 0.172752 0.131857 0.000208 -0.025885 -0.040579 0.998841
1667747048.455966 4.444277 0.153789 0.110736 -0.001943 -0.026523 -0.045048 0.998631
1667747049.459970 4.580277 0.131791 0.102591 -0.002168 -0.026280 -0.045355 0.998623
1667747051.481668 4.689078 0.058526 0.102287 -0.002303 -0.027841 -0.041002 0.998768
1667747053.777411 4.787485 0.012755 0.091228 0.000484 -0.024022 -0.127841 0.991504
1667747054.875397 4.819353 0.009758 0.094278 0.004020 -0.022336 -0.217755 0.975740
1667747055.880521 4.853987 0.005855 0.081933 0.007494 -0.025520 -0.302986 0.952624
1667747056.889491 4.863360 -0.000600 0.079094 0.009348 -0.025680 -0.392519 0.919338
1667747057.892452 4.917776 -0.000083 0.069107 0.011939 -0.030133 -0.495252 0.868144
1667747058.893147 4.949777 -0.009822 0.065660 0.013204 -0.030258 -0.589765 0.806900
1667747059.896179 4.970816 -0.036024 0.064213 0.014349 -0.030660 -0.665300 0.745808
1667747061.089510 4.985875 -0.072979 0.058412 0.014192 -0.032398 -0.732730 0.679600
1667747062.183530 4.964231 -0.195212 0.060098 0.013513 -0.032012 -0.773597 0.632725
1667747063.277618 4.943230 -0.328123 0.076640 0.019555 -0.034202 -0.800024 0.598673
1667747064.371732 4.922495 -0.484641 0.072263 0.018862 -0.031373 -0.828933 0.558149
1667747065.465661 4.873171 -0.611134 0.053481 0.016703 -0.030943 -0.844080 0.535062
1667747066.467692 4.840135 -0.634952 0.056729 0.013868 -0.031221 -0.803097 0.594868
1667747067.570921 4.835719 -0.657735 0.056548 0.008927 -0.031354 -0.768763 0.638703
1667747069.675063 4.830175 -0.733403 0.063768 0.007735 -0.034368 -0.722191 0.690796
1667747070.770663 4.826040 -0.840685 0.074671 0.010963 -0.029314 -0.712914 0.700552
1667747071.968372 4.812123 -0.959847 0.074247 0.006620 -0.035046 -0.697154 0.716034
1667747073.985148 4.841197 -1.165905 0.081579 0.006131 -0.034782 -0.682305 0.730214
1667747075.084687 4.841238 -1.227757 0.092263 0.009257 -0.034685 -0.741623 0.669856
1667747077.185557 4.811114 -1.433557 0.092110 0.011632 -0.034561 -0.779038 0.625915
1667747081.678959 4.785315 -1.572416 0.096569 0.011836 -0.034161 -0.769973 0.637051
1667747084.891872 4.772012 -1.665830 0.097963 0.009093 -0.034810 -0.714861 0.698341
1667747087.062611 4.812292 -1.825544 0.102365 0.007500 -0.035911 -0.702736 0.710504
1667747088.159817 4.836595 -1.949193 0.114273 0.006637 -0.036057 -0.701976 0.711256
1667747089.259746 4.850933 -2.080499 0.113181 0.007841 -0.034172 -0.701284 0.712019
1667747090.261378 4.846959 -2.204578 0.121140 0.006486 -0.032480 -0.698380 0.714960
1667747091.359743 4.854988 -2.341242 0.123147 0.005205 -0.030875 -0.699799 0.713654
1667747092.458115 4.881469 -2.420911 0.131269 0.001553 -0.032695 -0.739430 0.672437
1667747093.656327 4.875624 -2.529437 0.150633 -0.002652 -0.036632 -0.739075 0.672621
1667747094.754708 4.877126 -2.653795 0.168684 -0.001001 -0.033313 -0.737721 0.674282
1667747095.853117 4.848903 -2.791696 0.173825 -0.000408 -0.032661 -0.736695 0.675436
1667747096.951518 4.862836 -2.929830 0.182937 -0.000019 -0.035217 -0.736902 0.675082
1667747098.051647 4.850736 -3.061009 0.193296 0.002571 -0.034989 -0.735537 0.676576
1667747099.056250 4.859242 -3.161647 0.203387 0.003484 -0.034271 -0.735566 0.676577
1667747101.160993 4.839756 -3.301111 0.221139 0.002708 -0.033839 -0.694912 0.718293
1667747103.273137 4.870877 -3.526269 0.242625 0.005050 -0.034242 -0.680848 0.731606
1667747104.372551 4.903620 -3.664116 0.257427 0.004281 -0.037583 -0.679279 0.732905
1667747105.471958 4.921628 -3.767408 0.263067 0.005121 -0.037933 -0.721812 0.691030
1667747106.671292 4.913607 -3.873863 0.269833 0.005650 -0.037854 -0.731192 0.681097
1667747107.770719 4.896019 -4.013467 0.271143 0.006571 -0.037205 -0.729077 0.683388
1667747108.870130 4.874220 -4.167264 0.276001 0.006955 -0.038722 -0.726928 0.685585
1667747109.876439 4.874872 -4.302242 0.291795 0.005626 -0.037418 -0.727627 0.684929
1667747110.975359 4.860002 -4.429422 0.308741 0.006467 -0.031800 -0.713393 0.700012
1667747112.074024 4.864028 -4.564575 0.314192 0.007375 -0.034389 -0.707487 0.705851
1667747113.272577 4.861535 -4.726199 0.322422 0.007626 -0.041005 -0.704412 0.708565
1667747114.371208 4.854723 -4.882520 0.331375 0.007186 -0.037727 -0.702235 0.710908
1667747115.469825 4.848920 -5.037640 0.344445 0.005738 -0.038236 -0.701400 0.711719
1667747116.568481 4.851388 -5.196342 0.348368 0.004295 -0.039050 -0.700508 0.712562
1667747117.672862 4.847214 -5.340050 0.367502 0.004693 -0.035482 -0.699915 0.713329
1667747118.674288 4.864038 -5.493362 0.376545 0.007730 -0.035512 -0.701233 0.712006
1667747119.674326 4.872506 -5.643765 0.381080 0.007268 -0.035650 -0.702035 0.711213
1667747120.674340 4.881364 -5.778824 0.387070 0.004559 -0.036828 -0.702867 0.710352
1667747121.674355 4.899981 -5.919732 0.397522 0.006889 -0.035261 -0.702764 0.710515
1667747122.674368 4.881942 -6.064689 0.407618 0.007966 -0.036225 -0.699692 0.713481
1667747123.674408 4.898823 -6.203910 0.420624 0.006223 -0.036902 -0.699780 0.713378
1667747124.674459 4.922338 -6.337953 0.427846 0.001743 -0.039958 -0.700983 0.712055
1667747125.677639 4.922169 -6.482193 0.439302 0.007480 -0.036039 -0.699232 0.713947
1667747126.679286 4.931471 -6.626653 0.452842 0.008043 -0.036928 -0.698286 0.714821
1667747127.680011 4.928578 -6.771280 0.461561 0.005075 -0.036150 -0.698727 0.714456
1667747128.680740 4.963623 -6.923001 0.457279 -0.001200 -0.035493 -0.703003 0.710300
1667747129.748175 4.986315 -7.058567 0.465740 -0.001210 -0.035360 -0.719035 0.694073
1667747130.748906 5.006785 -7.186138 0.463807 0.003071 -0.034337 -0.721278 0.691788
1667747131.749652 5.029226 -7.355519 0.473636 0.005836 -0.033880 -0.722780 0.690222
1667747132.750369 5.048512 -7.514560 0.471584 0.005251 -0.034135 -0.724589 0.688316
1667747133.760865 5.045716 -7.678433 0.476205 -0.001494 -0.037400 -0.728392 0.684138
1667747134.763340 5.053639 -7.831307 0.490033 0.002176 -0.034580 -0.727593 0.685133
1667747135.862729 5.052486 -8.011864 0.485856 0.000351 -0.040402 -0.726951 0.685500
1667747136.962126 5.085537 -8.151218 0.512095 0.001826 -0.033816 -0.707347 0.706054
1667747138.061530 5.097192 -8.314677 0.511332 0.001512 -0.036902 -0.703486 0.709749
1667747139.160951 5.084573 -8.474150 0.515660 0.002690 -0.038365 -0.699463 0.713633
1667747140.260393 5.083951 -8.626997 0.525885 0.001186 -0.040969 -0.697037 0.715863
1667747141.359863 5.101524 -8.796672 0.515448 0.002957 -0.039489 -0.697100 0.715879
1667747142.459337 5.107063 -8.957391 0.531084 0.004322 -0.035985 -0.695687 0.717430
1667747143.558749 5.139527 -9.079081 0.555000 0.005718 -0.036954 -0.737384 0.674438
1667747144.658152 5.147227 -9.201884 0.565978 0.007201 -0.037406 -0.748243 0.662330
1667747145.757559 5.106152 -9.329587 0.572009 0.005985 -0.036583 -0.718190 0.694859
1667747146.856956 5.118963 -9.463226 0.588387 0.005003 -0.035341 -0.702797 0.710494
1667747147.956352 5.134706 -9.622649 0.609682 0.004969 -0.040434 -0.699697 0.713277
1667747149.056380 5.130009 -9.775289 0.627971 0.008355 -0.037851 -0.698823 0.714244
1667747150.062658 5.111194 -9.931537 0.621137 0.007159 -0.037735 -0.698113 0.714957
1667747152.064325 5.123146 -10.055735 0.617586 0.005611 -0.040134 -0.710706 0.702321
1667747153.065041 5.148423 -10.080620 0.626368 0.008760 -0.037346 -0.771357 0.635245
1667747154.065760 5.159873 -10.116914 0.613414 0.008867 -0.035628 -0.831496 0.554316
1667747155.066489 5.121516 -10.149673 0.594541 -0.010419 0.033697 0.882169 -0.469611
1667747156.067786 5.075409 -10.182576 0.591915 -0.014474 0.029061 0.921331 -0.387421
1667747157.080422 5.053387 -10.235427 0.582456 -0.014895 0.026198 0.949589 -0.312047
1667747158.181449 5.045336 -10.230898 0.579425 -0.016805 0.028391 0.977223 -0.209637
1667747159.191906 5.022731 -10.238566 0.563611 -0.016050 0.027414 0.993803 -0.106522
1667747160.289845 4.988976 -10.249662 0.578548 -0.020087 0.025582 0.998623 -0.041171
1667747161.387812 4.944596 -10.274818 0.577237 -0.022424 0.023920 0.999204 0.022741
1667747162.485831 4.784376 -10.258173 0.531258 -0.023775 0.023874 0.996322 0.078782
1667747163.583859 4.635640 -10.267392 0.511963 -0.021196 0.024506 0.992234 0.120088
1667747164.681882 4.505721 -10.250996 0.510945 -0.023439 0.023850 0.985141 0.168460
1667747165.779932 4.498109 -10.227011 0.520701 -0.022960 0.025612 0.993728 0.106403
1667747168.042525 4.505875 -10.193107 0.546467 -0.023978 0.025721 0.998208 0.048415
1667747170.172127 4.439040 -10.190450 0.575452 -0.024593 0.027396 0.999044 0.023587
1667747171.270177 4.281127 -10.184260 0.550548 -0.020242 0.027920 0.999371 0.008272
1667747172.470839 4.138167 -10.187419 0.542547 -0.018250 0.028355 0.999431 -0.000123
1667747173.474284 3.990060 -10.182646 0.539085 -0.021287 0.030740 0.999243 -0.010781
1667747174.476529 3.871535 -10.186826 0.525961 -0.016674 0.032878 0.998963 -0.026728
1667747175.481236 3.747127 -10.196642 0.521578 -0.016382 0.033957 0.998778 -0.031969
1667747176.481963 3.622643 -10.225485 0.518002 -0.015081 0.031993 0.998718 -0.036206
1667747177.549411 3.511907 -10.226130 0.516468 -0.015429 0.032918 0.998673 -0.036480
1667747179.550875 3.327406 -10.247574 0.530173 -0.019784 0.029541 0.999363 -0.003051
1667747180.685034 3.211149 -10.256970 0.536499 -0.018323 0.026927 0.999456 -0.005202
1667747181.852546 3.078262 -10.263070 0.575942 -0.014783 0.029571 0.999431 -0.006651
1667747182.853265 2.939183 -10.262103 0.583522 -0.012738 0.031080 0.999367 -0.011690
1667747183.853972 2.814074 -10.269658 0.585612 -0.012420 0.033593 0.999258 -0.014139
1667747184.854685 2.684907 -10.294472 0.572497 -0.009057 0.033755 0.999315 -0.012208
1667747185.855405 2.535708 -10.291594 0.570009 -0.014542 0.031248 0.999173 -0.021584
1667747186.856130 2.421208 -10.310199 0.570663 -0.011962 0.030053 0.999299 0.018854
1667747188.857586 2.192184 -10.317753 0.563473 -0.006015 0.035642 0.998710 0.035659
1667747189.858315 2.048449 -10.304084 0.565743 -0.014884 0.034134 0.998672 0.035595
1667747190.859065 1.890870 -10.297737 0.565029 -0.013115 0.034580 0.998677 0.035739
1667747191.859777 1.762894 -10.290248 0.566075 -0.008391 0.034180 0.998671 0.037648
1667747192.860500 1.627324 -10.283211 0.562712 -0.008921 0.036351 0.998581 0.037888
1667747193.861233 1.487116 -10.270460 0.559373 -0.011969 0.038394 0.998490 0.037432
1667747194.861976 1.338339 -10.264349 0.553021 -0.014018 0.038423 0.998394 0.039199
1667747195.862717 1.224859 -10.252269 0.550245 -0.010151 0.038371 0.998997 0.020731
1667747196.863441 1.140950 -10.248463 0.554867 -0.010241 0.039994 0.998574 -0.033849
1667747197.864162 1.021424 -10.266794 0.554783 -0.009131 0.040672 0.998219 -0.042684
1667747198.864882 0.904451 -10.283847 0.551317 -0.010353 0.041226 0.997966 -0.047504
1667747200.866364 0.796053 -10.319745 0.550247 -0.007484 0.040954 0.997958 -0.048439
1667747203.868498 0.694792 -10.334863 0.541729 -0.007456 0.041457 0.997357 0.059209
1667747204.869197 0.658167 -10.316325 0.551352 -0.009848 0.042145 0.988828 0.142640
1667747205.869908 0.626632 -10.245605 0.611797 -0.013116 0.047936 0.973350 0.223875
1667747206.870624 0.534626 -10.280843 0.496043 -0.014028 0.035440 0.947992 0.316003
1667747207.971405 0.516033 -10.265935 0.517725 -0.018254 0.037477 0.917497 0.395553
1667747208.972107 0.473294 -10.275688 0.505998 -0.021295 0.033145 0.880782 0.471880
1667747209.972814 0.445522 -10.269700 0.492362 -0.020879 0.028815 0.838030 0.544462
1667747210.973533 0.426474 -10.244608 0.460800 -0.021798 0.023642 0.789783 0.612543
1667747211.984734 0.425885 -10.223209 0.463941 -0.023307 0.020978 0.736468 0.675745
1667747214.085898 0.437600 -10.075069 0.476436 -0.030042 0.022216 0.674251 0.737556
1667747215.185301 0.416690 -9.936225 0.446727 -0.027640 0.015858 0.602931 0.797157
1667747217.384192 0.456516 -9.824615 0.446419 -0.027962 0.019924 0.640240 0.767407
1667747220.682504 0.476193 -9.749897 0.425982 -0.025900 0.016120 0.674536 0.737611
1667747221.687998 0.470131 -9.738853 0.445566 -0.026788 0.022574 0.734766 0.677415
1667747222.693476 0.494008 -9.666062 0.467179 -0.026916 0.023913 0.741387 0.670111
1667747223.791499 0.465339 -9.558167 0.467571 -0.024949 0.022131 0.746634 0.664398
1667747226.054063 0.393179 -9.355239 0.424970 -0.021048 0.022459 0.746958 0.664159
1667747227.152067 0.382558 -9.303078 0.432156 -0.024099 0.019726 0.681228 0.731409
1667747228.157511 0.414545 -9.233171 0.438103 -0.026449 0.019560 0.653918 0.755850
1667747232.555479 0.437808 -9.085451 0.409073 -0.021697 0.015692 0.686224 0.726897
1667747233.654899 0.438205 -8.969282 0.398875 -0.020561 0.013619 0.692287 0.721201
1667747235.853703 0.417121 -8.846776 0.404629 -0.024657 0.018054 0.697741 0.715698
1667747236.953126 0.413839 -8.720815 0.402992 -0.023532 0.018644 0.701064 0.712466
1667747237.958240 0.452248 -8.589569 0.392504 -0.023100 0.018114 0.704284 0.709311
1667747238.960601 0.444396 -8.489178 0.382779 -0.019541 0.015451 0.705576 0.708197
1667747239.961321 0.450549 -8.366233 0.375817 -0.022679 0.017934 0.708207 0.705413
1667747240.962023 0.440506 -8.249468 0.371100 -0.024924 0.018765 0.709668 0.703845
1667747242.062795 0.418920 -8.101070 0.354600 -0.022842 0.017919 0.712265 0.701310
1667747243.063500 0.382020 -7.976217 0.346991 -0.021102 0.015659 0.713742 0.699915
1667747244.064205 0.376168 -7.864868 0.347355 -0.017566 0.013022 0.715482 0.698289
1667747245.064938 0.382683 -7.750182 0.339026 -0.014886 0.012318 0.719784 0.693929
1667747246.065658 0.349368 -7.626263 0.334998 -0.021931 0.016222 0.720628 0.692785
1667747247.066363 0.346759 -7.478037 0.326805 -0.021987 0.015605 0.723593 0.689700
1667747248.167151 0.324825 -7.336898 0.330559 -0.026088 0.019098 0.722516 0.690598
1667747249.167858 0.323709 -7.209125 0.322803 -0.023783 0.018398 0.715708 0.697752
1667747250.168600 0.319340 -7.070842 0.315389 -0.025239 0.019321 0.715451 0.697940
1667747251.169348 0.309123 -6.929199 0.296808 -0.026569 0.019257 0.713115 0.700278
1667747252.170082 0.287463 -6.798406 0.285297 -0.023080 0.012634 0.682815 0.730117
1667747253.170833 0.279482 -6.685357 0.281798 -0.021155 0.011874 0.682821 0.730183
1667747254.171570 0.308026 -6.564240 0.293055 -0.019360 0.015487 0.688339 0.724965
1667747255.172306 0.328835 -6.415327 0.285181 -0.019685 0.017457 0.689342 0.723958
1667747256.173046 0.330571 -6.268682 0.276192 -0.020679 0.018492 0.689158 0.724080
1667747257.173770 0.314445 -6.125181 0.255319 -0.020171 0.015232 0.688262 0.725022
1667747258.174486 0.331045 -5.979763 0.226241 -0.018011 0.011275 0.693824 0.719831
1667747259.175216 0.324917 -5.898245 0.239091 -0.017583 0.014093 0.743123 0.668775
1667747261.276731 0.291137 -5.692281 0.226168 -0.016603 0.011253 0.754344 0.656173
1667747263.278168 0.278162 -5.476895 0.202099 -0.016202 0.014546 0.745207 0.666478
1667747264.278886 0.269281 -5.364548 0.193516 -0.018641 0.016832 0.743673 0.668071
1667747265.279602 0.274334 -5.223553 0.197514 -0.016366 0.012890 0.743373 0.668553
1667747266.280378 0.260341 -5.145504 0.203883 -0.018217 0.011530 0.684104 0.729066
1667747267.281118 0.263295 -5.107639 0.205152 -0.020159 0.010100 0.621284 0.783261
1667747268.281836 0.277836 -4.996068 0.190718 -0.017471 0.006076 0.586832 0.809497
1667747274.569898 0.273671 -4.852177 0.202539 -0.018903 0.007426 0.633003 0.773883
1667747278.962007 0.270643 -4.739197 0.198607 -0.019314 0.015319 0.702789 0.710971
1667747281.158083 0.242593 -4.580114 0.182058 -0.018891 0.009660 0.710271 0.703609
1667747282.256135 0.287415 -4.451259 0.156083 -0.016384 0.011049 0.716601 0.697204
1667747283.354313 0.293614 -4.323960 0.163013 -0.015589 0.013103 0.720479 0.693177
1667747284.364954 0.273142 -4.208387 0.170336 -0.019366 0.016096 0.720555 0.692941
1667747285.462344 0.234049 -4.070513 0.172205 -0.015843 0.014344 0.719446 0.694219
1667747286.466298 0.202446 -3.945707 0.185253 -0.016793 0.015182 0.720488 0.693098
1667747287.565723 0.185776 -3.809475 0.175809 -0.017949 0.015110 0.722198 0.691289
1667747288.670273 0.199453 -3.662805 0.148403 -0.018028 0.014606 0.724064 0.689342
1667747289.769712 0.205926 -3.511743 0.153296 -0.017774 0.015700 0.725972 0.687315
1667747290.869127 0.194788 -3.355012 0.132591 -0.016488 0.013489 0.727995 0.685251
1667747291.968552 0.181339 -3.204999 0.131842 -0.014696 0.013180 0.729470 0.683727
1667747293.067986 0.141615 -3.058822 0.120023 -0.014609 0.012293 0.729805 0.683389
1667747294.167412 0.127092 -2.938992 0.125179 -0.018044 0.014128 0.724205 0.689204
1667747295.266822 0.112902 -2.798903 0.122858 -0.017288 0.013457 0.724900 0.688506
1667747296.366249 0.090965 -2.651707 0.121874 -0.016173 0.012869 0.726155 0.687220
1667747297.465681 0.064017 -2.522503 0.124510 -0.014299 0.011713 0.726132 0.687307
1667747298.565101 0.041161 -2.413031 0.110248 -0.016601 0.012053 0.687513 0.725882
1667747299.565955 0.045471 -2.298403 0.104466 -0.015515 0.011772 0.683698 0.729505
1667747300.571818 0.043969 -2.153960 0.104564 -0.015332 0.007442 0.681568 0.731557
1667747301.572563 0.040622 -2.030226 0.100204 -0.016591 0.008122 0.682035 0.731087
1667747302.673359 0.026676 -1.871477 0.093700 -0.017865 0.007397 0.679074 0.733815
1667747303.674079 0.048693 -1.730461 0.088614 -0.017913 0.004799 0.678662 0.734217
1667747304.774874 0.050107 -1.581386 0.089249 -0.018754 0.007876 0.677440 0.735297
1667747305.775601 0.055806 -1.439125 0.080346 -0.015516 0.003318 0.675938 0.736788
1667747307.777035 0.011200 -1.250972 0.057011 -0.010549 0.001324 0.714126 0.699936
1667747308.777745 0.021303 -1.123183 0.042598 -0.010695 0.001287 0.716414 0.697592
1667747309.778464 0.027787 -0.969079 0.031277 -0.005932 0.000216 0.717727 0.696300
1667747310.779201 0.029131 -0.830805 0.043549 -0.005678 0.002883 0.718385 0.695616
1667747311.779934 0.028963 -0.683345 0.034715 -0.002759 0.002303 0.717719 0.696324
1667747312.880727 0.036801 -0.556623 0.042549 -0.004081 0.002113 0.690428 0.723386
1667747313.881465 0.039853 -0.435670 0.038376 -0.000496 0.000490 0.689597 0.724193
1667747314.882192 0.042319 -0.298005 0.036864 0.000662 0.001435 0.689046 0.724716
1667747316.956812 0.049172 -0.158209 0.018009 0.005107 -0.000603 0.674199 0.738532
1667747317.963001 0.045037 -0.113417 0.049699 -0.000303 0.004399 0.604758 0.796397
1667747319.062379 0.023672 -0.071664 0.019436 0.002343 -0.001510 0.514064 0.857747
1667747320.161760 0.016420 -0.007459 0.018907 0.000578 0.000432 0.439949 0.898022
1667747321.261150 0.033887 0.030069 0.010553 -0.000454 0.001978 0.335321 0.942102
1667747322.360534 0.038168 0.059994 0.009855 -0.002146 0.002502 0.229385 0.973330
1667747323.368368 0.058232 0.066151 0.004205 -0.001965 0.000161 0.122423 0.992476
1667747324.601103 0.094406 0.067629 -0.001307 -0.001733 -0.002365 0.040269 0.999185
1667747326.764600 0.307510 0.069124 -0.006568 -0.001570 -0.013255 -0.038971 0.999151
1667747327.863003 0.457732 0.051321 -0.000450 -0.001118 -0.015634 -0.076682 0.996932
1667747328.961402 0.589198 0.042109 -0.000092 0.002172 -0.015675 -0.101735 0.994686
1667747330.059803 0.716114 0.008815 0.006106 0.004613 -0.010741 -0.119903 0.992717
1667747331.158196 0.747178 0.011473 0.006404 0.002977 -0.012056 -0.043547 0.998974
1667747333.272223 0.907486 0.013427 0.014156 0.001323 -0.010115 -0.014354 0.999845
1667747334.272583 1.016776 0.020235 0.020686 0.000509 -0.008357 -0.008559 0.999928
1667747335.470782 1.154566 0.028920 0.025754 -0.000080 -0.011080 0.001736 0.999937
1667747336.569162 1.295969 0.047559 0.033909 0.000361 -0.007052 0.011656 0.999907
1667747337.667584 1.438692 0.055970 0.038521 -0.000265 -0.010720 0.024366 0.999646
1667747338.867589 1.584220 0.065215 0.040993 0.001899 -0.008647 0.032853 0.999421
1667747340.969736 1.776304 0.077387 0.046465 0.001529 -0.012501 0.009558 0.999875
1667747342.072774 1.908155 0.090569 0.041257 0.001054 -0.020389 0.008956 0.999751
1667747343.075797 2.047135 0.129639 0.045770 0.001763 -0.013984 0.009811 0.999853
1667747344.274259 2.175250 0.167860 0.065356 0.000351 -0.010617 -0.042029 0.999060
1667747345.372823 2.320810 0.173445 0.068641 -0.000897 -0.011092 -0.048408 0.998766
1667747346.471384 2.481079 0.168422 0.067063 0.000084 -0.013170 -0.044799 0.998909
1667747347.475887 2.627268 0.164148 0.064204 -0.000169 -0.013730 -0.044307 0.998924
1667747348.481456 2.778680 0.164085 0.061966 0.000990 -0.017560 -0.043111 0.998915
1667747349.482024 2.915465 0.196968 0.072209 -0.000490 -0.012834 -0.051432 0.998594
1667747350.581285 3.093232 0.205983 0.073409 -0.003382 -0.015499 -0.052983 0.998469
1667747351.680458 3.258525 0.177401 0.099398 -0.004250 -0.007037 -0.049852 0.998723
1667747352.779682 3.433356 0.152359 0.063975 -0.001244 -0.014004 -0.048872 0.998706
1667747353.878929 3.571165 0.138816 0.058753 0.000401 -0.022611 -0.042595 0.998836
1667747354.978145 3.699519 0.136521 0.063428 -0.001602 -0.027996 -0.045019 0.998592
1667747356.077334 3.851157 0.152748 0.103158 -0.002021 -0.018150 -0.036775 0.999157
1667747357.176510 4.028257 0.144152 0.104354 -0.000088 -0.024089 -0.033902 0.999135
1667747358.183068 4.185433 0.142892 0.097664 -0.000055 -0.028196 -0.034693 0.999000
1667747359.191885 4.334890 0.118624 0.106389 -0.000449 -0.027769 -0.033263 0.999061
1667747360.193019 4.500657 0.118001 0.093678 -0.000670 -0.024308 -0.036366 0.999043
1667747361.195127 4.624000 0.049430 0.096576 -0.002243 -0.024429 -0.031443 0.999204
1667747363.293226 4.768320 0.004542 0.089657 0.000697 -0.026019 -0.117018 0.992789
1667747364.360589 4.816442 -0.012666 0.090608 0.003590 -0.022266 -0.226787 0.973683
1667747365.459350 4.841337 -0.040225 0.065346 0.006788 -0.028474 -0.338601 0.940475
1667747366.558116 4.893247 -0.017136 0.070947 0.011274 -0.029012 -0.459492 0.887637
1667747367.656903 4.934592 -0.018887 0.068306 0.012870 -0.030163 -0.575495 0.817148
1667747368.855592 4.962361 -0.067639 0.060839 0.014212 -0.030847 -0.686979 0.725884
1667747370.056975 4.971533 -0.091913 0.058761 0.015213 -0.030485 -0.741148 0.670477
1667747372.162893 4.938448 -0.286022 0.087314 0.023064 -0.029796 -0.805362 0.591585
1667747373.260292 4.917217 -0.325820 0.060056 0.016336 -0.033687 -0.773394 0.632820
1667747374.262141 4.913600 -0.326949 0.067209 0.016853 -0.033506 -0.740005 0.671555
1667747376.367731 4.920880 -0.456535 0.063548 0.010821 -0.033696 -0.728214 0.684436
1667747377.368411 4.923948 -0.575276 0.068406 0.008811 -0.033545 -0.725766 0.687067
1667747378.467370 4.904428 -0.709289 0.061965 0.003883 -0.033335 -0.719871 0.693296
1667747379.566324 4.908972 -0.848079 0.076618 0.009754 -0.030369 -0.714964 0.698434
1667747380.765147 4.893114 -0.983037 0.082148 0.010369 -0.033568 -0.706035 0.707305
1667747381.864129 4.912260 -1.040074 0.076767 0.011509 -0.035490 -0.764741 0.643257
1667747382.963121 4.886294 -1.120653 0.086206 0.015030 -0.033207 -0.797617 0.602063
1667747384.062098 4.865748 -1.244575 0.086579 0.012548 -0.035613 -0.815720 0.577213
1667747386.161974 4.824677 -1.351406 0.086718 0.010845 -0.034549 -0.798379 0.601065
1667747389.167545 4.801245 -1.436706 0.091321 0.011464 -0.035277 -0.766316 0.641392
1667747391.183099 4.782773 -1.597530 0.093429 0.009730 -0.034784 -0.723635 0.689237
1667747392.183132 4.765114 -1.633431 0.092771 0.007142 -0.035406 -0.649714 0.759320
1667747393.184780 4.812879 -1.745584 0.093208 0.005474 -0.036035 -0.635287 0.771416
1667747398.680286 4.854986 -1.878651 0.104266 0.004544 -0.036598 -0.647477 0.761192
1667747399.779414 4.883849 -1.900049 0.109024 0.005395 -0.037515 -0.703646 0.709539
1667747401.977640 4.891177 -2.125742 0.116072 0.008696 -0.031917 -0.720113 0.693067
1667747403.076765 4.902421 -2.263762 0.128504 0.007988 -0.030550 -0.735853 0.676405
1667747404.175878 4.900795 -2.394396 0.139076 0.003489 -0.032994 -0.743742 0.667643
1667747405.274994 4.902211 -2.516738 0.149912 0.000375 -0.034601 -0.758706 0.650514
1667747406.276108 4.891536 -2.624576 0.170144 -0.001479 -0.034038 -0.762893 0.645627
1667747407.281272 4.864037 -2.734396 0.170562 0.001617 -0.032740 -0.762627 0.646007
1667747409.383943 4.855014 -2.891034 0.179168 -0.001705 -0.035706 -0.736618 0.675364
1667747410.451386 4.852059 -3.032429 0.193733 0.003620 -0.033723 -0.737674 0.674304
1667747411.452095 4.856646 -3.166404 0.203251 0.002962 -0.034554 -0.739758 0.671978
1667747413.553591 4.852297 -3.348835 0.221164 0.001370 -0.034638 -0.703736 0.709615
1667747414.554307 4.851951 -3.462374 0.235034 0.003176 -0.035080 -0.701496 0.711802
1667747415.561176 4.865878 -3.589746 0.244628 0.003827 -0.036582 -0.703011 0.710227
1667747416.567733 4.881493 -3.725493 0.252077 0.003588 -0.039137 -0.704217 0.708896
1667747417.767074 4.888429 -3.875262 0.269320 0.005794 -0.037852 -0.704654 0.708517
1667747418.866472 4.884160 -4.021477 0.275579 0.006483 -0.037497 -0.704817 0.708368
1667747419.965893 4.871064 -4.185344 0.278983 0.005930 -0.038577 -0.705212 0.707921
1667747421.065313 4.875058 -4.337429 0.301209 0.007547 -0.033611 -0.707260 0.706113
1667747422.165035 4.875298 -4.490380 0.306910 0.007296 -0.030780 -0.707417 0.706088
1667747423.276528 4.881961 -4.639479 0.314631 0.005551 -0.038659 -0.706458 0.706676
1667747424.374580 4.874718 -4.788492 0.322236 0.007685 -0.040032 -0.705695 0.707342
1667747425.374817 4.872838 -4.939591 0.332418 0.006411 -0.038949 -0.706494 0.706617
1667747426.483248 4.871611 -5.097700 0.341216 0.005343 -0.039377 -0.706494 0.706602
1667747427.579898 4.861495 -5.251419 0.353727 0.004834 -0.037383 -0.707975 0.705231
1667747428.676572 4.867835 -5.405032 0.372276 0.007276 -0.034812 -0.707581 0.705737
1667747429.773253 4.881656 -5.585773 0.371034 0.006333 -0.034941 -0.708491 0.704825
1667747430.869951 4.889868 -5.739154 0.380294 0.004609 -0.036893 -0.711047 0.702161
1667747431.871670 4.893981 -5.884678 0.387916 0.005940 -0.036650 -0.712950 0.700231
1667747432.872271 4.902374 -6.025103 0.400012 0.007395 -0.035851 -0.715058 0.698106
1667747433.970367 4.896202 -6.184844 0.408693 0.007861 -0.036549 -0.715604 0.697505
1667747435.068462 4.913453 -6.332861 0.416912 0.002693 -0.040565 -0.720899 0.691846
1667747436.166522 4.915596 -6.484183 0.434517 0.007581 -0.036216 -0.722121 0.690776
1667747437.264593 4.908713 -6.646227 0.440059 0.007423 -0.038124 -0.724451 0.688231
1667747438.363741 4.915841 -6.807985 0.451548 0.001652 -0.035580 -0.728634 0.683976
1667747439.368282 4.929255 -6.932104 0.454456 -0.002362 -0.033902 -0.718211 0.694995
1667747440.567876 4.935719 -7.090124 0.455992 0.003604 -0.034105 -0.715576 0.697692
1667747441.570045 4.969769 -7.250199 0.461142 0.005552 -0.035792 -0.716140 0.697016
1667747442.574779 4.983144 -7.400278 0.455523 0.004333 -0.039801 -0.714956 0.698022
1667747443.575496 5.009046 -7.544471 0.468754 0.003047 -0.034828 -0.711436 0.701880
1667747444.579267 5.006961 -7.672652 0.480525 -0.004551 -0.037446 -0.693869 0.719113
1667747445.586740 5.015209 -7.832348 0.488769 0.000894 -0.034303 -0.691132 0.721913
1667747446.686402 5.027845 -8.003851 0.486223 0.000263 -0.039406 -0.688440 0.724222
1667747447.786058 5.059290 -8.174281 0.504805 0.002028 -0.034835 -0.689589 0.723360
1667747448.885701 5.079740 -8.340507 0.514503 0.001663 -0.035530 -0.687530 0.725284
1667747449.985367 5.080068 -8.505667 0.511931 0.000700 -0.039010 -0.687157 0.725460
1667747451.085040 5.091017 -8.643521 0.519005 0.000671 -0.041858 -0.689075 0.723480
1667747452.284677 5.098615 -8.739201 0.525952 0.004231 -0.040744 -0.766543 0.640885
1667747453.351024 5.149438 -8.780440 0.531540 0.007928 -0.039172 -0.846509 0.530873
1667747454.384075 5.175806 -8.806268 0.545998 -0.010817 0.037171 0.873067 -0.486061
1667747457.649818 5.144599 -8.831821 0.541739 0.008143 -0.039083 -0.845228 0.532912
1667747462.867910 5.110096 -8.924141 0.544244 0.006485 -0.038489 -0.812969 0.580997
1667747468.364983 5.079641 -9.020779 0.552362 0.007181 -0.038332 -0.794812 0.605602
1667747470.663846 5.065356 -9.032087 0.565352 0.006440 -0.037190 -0.749462 0.660970
1667747474.961613 5.035991 -9.171624 0.563845 0.004476 -0.038206 -0.722589 0.690207
1667747476.061004 5.007231 -9.189838 0.557858 0.002362 -0.039926 -0.686218 0.726295
1667747477.160399 5.011479 -9.302069 0.572180 0.002297 -0.041186 -0.677982 0.733920
1667747479.167886 5.029817 -9.523774 0.584780 0.003890 -0.034248 -0.664047 0.746896
1667747480.168607 5.069762 -9.637184 0.603687 0.006658 -0.035948 -0.658482 0.751708
1667747482.170043 5.072511 -9.842505 0.614570 0.006955 -0.036853 -0.644869 0.763372
1667747483.170741 5.100247 -9.962823 0.620203 0.003815 -0.037944 -0.641735 0.765978
1667747485.172154 5.146136 -10.051405 0.634119 0.003448 -0.036240 -0.620839 0.783092
1667747488.274406 5.103301 -9.997817 0.627076 0.005879 -0.037528 -0.674417 0.737373
1667747490.275865 5.120725 -10.005593 0.615944 0.006454 -0.038645 -0.733280 0.678797
1667747491.276579 5.131342 -10.006964 0.615069 0.007377 -0.037808 -0.777848 0.627270
1667747493.278035 5.167334 -10.028201 0.599836 0.007532 -0.036736 -0.840826 0.540004
1667747494.278771 5.140902 -10.041097 0.592219 -0.009461 0.034126 0.888080 -0.458323
1667747495.279519 5.118095 -10.068316 0.600785 -0.013735 0.030001 0.929317 -0.367805
1667747496.280238 5.115299 -10.084599 0.580439 -0.012720 0.030569 0.953338 -0.300084
1667747498.281695 5.016537 -10.158883 0.578315 -0.014964 0.027318 0.966229 -0.255795
1667747499.282411 4.925364 -10.195452 0.576767 -0.019936 0.028723 0.984208 -0.173530
1667747500.283131 4.837188 -10.208694 0.551157 -0.017492 0.026574 0.992029 -0.121926
1667747501.350552 4.765822 -10.216334 0.578335 -0.023988 0.025708 0.998979 -0.028381
1667747502.351280 4.643161 -10.221648 0.562881 -0.023346 0.025454 0.999351 -0.010224
1667747503.351759 4.520371 -10.240416 0.554464 -0.020632 0.025711 0.999447 0.004448
1667747504.465338 4.381809 -10.251905 0.558122 -0.023523 0.025697 0.999234 0.017851
1667747505.564727 4.225395 -10.246506 0.545660 -0.017824 0.026412 0.998932 0.033468
1667747506.664124 4.075764 -10.243951 0.551262 -0.023776 0.027863 0.998174 0.048023
1667747507.763530 3.900780 -10.214036 0.531803 -0.019793 0.030980 0.997407 0.061863
1667747508.862942 3.789843 -10.225051 0.534352 -0.019128 0.032413 0.998014 0.050513
1667747509.867641 3.757911 -10.195844 0.523386 -0.015235 0.035181 0.997515 -0.059108
1667747511.972065 3.641526 -10.226176 0.512315 -0.014542 0.032682 0.998740 -0.035199
1667747514.168134 3.470582 -10.238607 0.520832 -0.018723 0.031119 0.999270 -0.011872
1667747515.266090 3.340582 -10.238729 0.525292 -0.021571 0.030310 0.999308 -0.000673
1667747516.464013 3.238221 -10.264299 0.572839 -0.016252 0.028488 0.999246 0.020794
1667747517.562074 3.109389 -10.262906 0.571250 -0.016118 0.028035 0.999005 0.030705
1667747518.660130 2.972981 -10.246891 0.575453 -0.013790 0.031658 0.998656 0.038649
1667747519.760637 2.836174 -10.241381 0.576939 -0.011976 0.032492 0.998561 0.040943
1667747520.764302 2.710829 -10.249533 0.567387 -0.012050 0.033377 0.998038 0.051580
1667747521.863751 2.573177 -10.240827 0.570419 -0.018394 0.028329 0.997055 0.068850
1667747524.062578 2.393907 -10.224195 0.565237 -0.012362 0.030262 0.999103 0.026926
1667747525.161963 2.252845 -10.228394 0.563051 -0.011342 0.033064 0.998911 0.030906
1667747527.269406 2.039910 -10.211257 0.555690 -0.011373 0.035932 0.999239 -0.010091
1667747528.370190 1.883164 -10.211636 0.562466 -0.014834 0.033434 0.999264 -0.011516
1667747529.370887 1.752285 -10.232469 0.559123 -0.009534 0.032821 0.999396 -0.006245
1667747530.371612 1.619096 -10.235772 0.557335 -0.010090 0.036039 0.999269 -0.007833
1667747531.372313 1.474587 -10.232753 0.554073 -0.012823 0.039380 0.999109 -0.008088
1667747532.373031 1.337737 -10.227120 0.547587 -0.010071 0.039992 0.999120 -0.007638
1667747533.373748 1.207509 -10.244460 0.550019 -0.010791 0.039013 0.999156 -0.007022
1667747534.385570 1.065760 -10.262764 0.557835 -0.010574 0.040312 0.999110 -0.006467
1667747535.386642 0.912447 -10.257681 0.548866 -0.010289 0.041635 0.999040 -0.008885
1667747536.486005 0.773047 -10.286394 0.540106 -0.008042 0.041152 0.999086 -0.008306
1667747539.686087 0.677832 -10.280244 0.545575 -0.009998 0.042297 0.993286 0.107209
1667747540.696303 0.648792 -10.272852 0.532335 -0.010314 0.041395 0.982211 0.182873
1667747541.794348 0.578884 -10.249919 0.502894 -0.012336 0.038777 0.959858 0.277519
1667747542.892394 0.496837 -10.245187 0.500421 -0.019034 0.035372 0.924796 0.378336
1667747543.990441 0.505449 -10.238198 0.523113 -0.022299 0.034677 0.868163 0.494565
1667747545.055210 0.489866 -10.218773 0.463804 -0.021129 0.024403 0.794074 0.606963
1667747546.186557 0.470509 -10.197323 0.461524 -0.022876 0.021893 0.747794 0.663176
1667747548.449155 0.457075 -9.960068 0.451847 -0.027861 0.021072 0.672971 0.738844
1667747550.552896 0.490449 -9.839550 0.452174 -0.028469 0.019638 0.681910 0.730618
1667747552.753040 0.494916 -9.663898 0.449497 -0.026898 0.020807 0.694473 0.718714
1667747554.860788 0.473780 -9.503221 0.443009 -0.025733 0.021153 0.718614 0.694611
1667747555.961073 0.436520 -9.376936 0.429771 -0.022794 0.019503 0.722338 0.690889
1667747556.965190 0.454829 -9.251459 0.432356 -0.023335 0.021930 0.728017 0.684811
1667747558.064720 0.444889 -9.111460 0.409778 -0.021264 0.018758 0.732491 0.680186
1667747559.164250 0.433947 -8.981136 0.393415 -0.020170 0.015647 0.734978 0.677610
1667747560.263792 0.416621 -8.860815 0.397718 -0.022851 0.020109 0.736097 0.676191
1667747561.363341 0.372541 -8.805303 0.402219 -0.026127 0.017453 0.667599 0.743858
1667747562.462887 0.393438 -8.716641 0.411421 -0.026831 0.017704 0.607885 0.793374
1667747563.562439 0.430108 -8.651787 0.414691 -0.025717 0.013591 0.548054 0.835937
1667747566.861048 0.476004 -8.624137 0.394773 -0.023347 0.014132 0.615604 0.787583
1667747570.979876 0.494428 -8.519256 0.387983 -0.021525 0.014368 0.657494 0.753015
1667747574.090564 0.479626 -8.356259 0.384278 -0.023178 0.015910 0.690432 0.722851
1667747576.286525 0.482612 -8.179817 0.366412 -0.023058 0.018200 0.697770 0.715720
1667747577.384538 0.459621 -8.069441 0.355188 -0.021100 0.015822 0.699328 0.714315
1667747578.482558 0.427988 -7.958075 0.350325 -0.019977 0.013669 0.697886 0.715800
1667747580.490848 0.425785 -7.802053 0.349449 -0.016380 0.011911 0.702120 0.711770
1667747582.684121 0.418713 -7.588095 0.335758 -0.021605 0.014490 0.706412 0.707323
1667747583.780775 0.426511 -7.467657 0.333350 -0.021913 0.016645 0.708234 0.705442
1667747584.877929 0.413948 -7.325884 0.330387 -0.024596 0.019577 0.709078 0.704429
1667747585.887224 0.423337 -7.195613 0.320327 -0.024578 0.021085 0.711804 0.701631
1667747586.890319 0.422378 -7.081571 0.315074 -0.022542 0.019260 0.714340 0.699170
1667747587.987000 0.404181 -6.947212 0.299001 -0.022126 0.016582 0.715942 0.697612
1667747589.085224 0.379856 -6.805899 0.284123 -0.021924 0.014514 0.716053 0.697551
1667747590.188318 0.371151 -6.673763 0.284935 -0.021023 0.014818 0.716818 0.696786
1667747591.189974 0.378512 -6.558643 0.289434 -0.019404 0.016290 0.719710 0.693813
1667747592.197140 0.384268 -6.423713 0.291475 -0.020899 0.020005 0.721679 0.691623
1667747593.260552 0.370707 -6.289972 0.278083 -0.020095 0.020530 0.723740 0.689474
1667747594.290754 0.344564 -6.156710 0.257139 -0.019251 0.016631 0.724120 0.689205
1667747595.357253 0.341250 -6.007095 0.228949 -0.016795 0.011795 0.725981 0.687409
1667747596.359172 0.326560 -5.873794 0.235056 -0.018592 0.014786 0.727371 0.685833
1667747597.362271 0.296257 -5.737423 0.226161 -0.018442 0.010713 0.728876 0.684314
1667747598.367827 0.298971 -5.597442 0.209617 -0.016209 0.011123 0.730825 0.682281
1667747599.564114 0.301093 -5.455028 0.200438 -0.018136 0.014274 0.706596 0.707241
1667747600.660838 0.311435 -5.319754 0.197728 -0.019413 0.015485 0.699426 0.714274
1667747601.662994 0.314038 -5.172366 0.200958 -0.017449 0.011148 0.698006 0.715792
1667747602.663064 0.294685 -5.025006 0.193413 -0.019320 0.012425 0.697392 0.716321
1667747603.761091 0.278887 -4.896218 0.195438 -0.014210 0.007648 0.696406 0.717467
1667747604.859168 0.259800 -4.743352 0.198630 -0.018466 0.015170 0.695170 0.718448
1667747605.957217 0.231008 -4.589355 0.180787 -0.020167 0.010417 0.692774 0.720798
1667747606.967416 0.249102 -4.443992 0.158364 -0.016277 0.008380 0.694292 0.719461
1667747607.972266 0.292139 -4.290887 0.156473 -0.017758 0.013138 0.696845 0.716882
1667747609.070600 0.272372 -4.152252 0.166310 -0.016759 0.015361 0.714272 0.699499
1667747610.168653 0.232862 -3.994416 0.175658 -0.016221 0.013780 0.712546 0.701303
1667747611.266701 0.190267 -3.833756 0.188783 -0.020959 0.018992 0.710062 0.703571
1667747612.267379 0.203324 -3.684954 0.144986 -0.016317 0.012097 0.711271 0.702624
1667747613.276844 0.207164 -3.528582 0.144062 -0.017404 0.013709 0.711885 0.701947
1667747614.280269 0.220806 -3.378367 0.128086 -0.015538 0.013566 0.714108 0.699732
1667747615.280437 0.197482 -3.230711 0.126909 -0.014772 0.012064 0.712152 0.701766
1667747616.289212 0.172365 -3.087569 0.126391 -0.016567 0.013103 0.712528 0.701325
1667747617.385842 0.168825 -2.929375 0.126336 -0.016280 0.013194 0.713226 0.700621
1667747618.482500 0.152781 -2.766038 0.117052 -0.017052 0.013209 0.712785 0.701051
1667747619.579156 0.128912 -2.620326 0.118299 -0.016188 0.012515 0.712591 0.701281
1667747620.675802 0.117647 -2.444932 0.112258 -0.016523 0.012741 0.711461 0.702416
1667747621.679044 0.101721 -2.301629 0.112251 -0.017061 0.013909 0.711360 0.702483
1667747622.685360 0.080322 -2.153571 0.104235 -0.013187 0.006943 0.710025 0.704019
1667747623.785393 0.082606 -1.998330 0.095395 -0.018132 0.010257 0.710209 0.703682
1667747624.882063 0.072503 -1.851362 0.082333 -0.016355 0.007509 0.711354 0.702603
1667747625.978719 0.038816 -1.695055 0.075900 -0.017145 0.005928 0.708533 0.705445
1667747627.175066 0.001961 -1.521486 0.078383 -0.017709 0.005458 0.706221 0.707749
1667747628.272488 -0.004121 -1.370500 0.052673 -0.011388 -0.000433 0.704161 0.709949
1667747629.276381 0.000575 -1.250214 0.048023 -0.009278 -0.000076 0.696487 0.717509
1667747630.374490 0.007606 -1.098021 0.050734 -0.009771 0.002347 0.695260 0.718689
1667747631.474648 0.013260 -0.923709 0.026118 -0.005836 0.000183 0.693098 0.720820
1667747632.478665 0.025411 -0.785017 0.036936 -0.005351 0.002006 0.692271 0.721615
1667747633.578114 0.046018 -0.605870 0.035858 -0.004631 0.002890 0.692564 0.721335
1667747634.677523 0.043467 -0.457367 0.039548 -0.001668 0.001546 0.692837 0.721091
1667747635.776917 0.057870 -0.305019 0.033911 -0.000569 0.001891 0.692685 0.721237
1667747637.880906 0.060201 -0.183960 0.032843 0.002755 0.002335 0.693112 0.720821
