1667747000.055560 0.000000 0.000000 0.000000 0.000000 0.000000 0.000000 1.000000
1667747002.254428 0.139729 0.033284 -0.008194 -0.000513 -0.006346 -0.004403 0.999970
1667747003.353824 0.263506 0.039052 0.007837 -0.002965 -0.011321 -0.004790 0.999920
1667747004.453238 0.390070 0.053036 0.013761 -0.002907 -0.013454 -0.007008 0.999881
1667747005.552619 0.524644 0.051110 0.026619 0.000304 -0.011787 -0.006479 0.999910
1667747006.556294 0.649085 0.065715 0.035142 0.000718 -0.010406 -0.008337 0.999911
1667747007.559778 0.771937 0.070965 0.049106 -0.000658 -0.008143 -0.008875 0.999927
1667747008.560479 0.915714 0.085577 0.059529 -0.002257 -0.006796 -0.009852 0.999926
1667747009.563473 1.041902 0.076200 0.075113 -0.002783 -0.004485 -0.008080 0.999953
1667747010.566042 1.164458 0.084569 0.086744 -0.003906 -0.004636 -0.009070 0.999941
1667747011.566332 1.298209 0.089230 0.085106 -0.002551 -0.004015 -0.010876 0.999930
1667747012.566628 1.434725 0.062877 0.082830 -0.003889 -0.006529 -0.009073 0.999930
1667747013.566931 1.570380 0.062153 0.083010 -0.000520 -0.002520 -0.009208 0.999954
1667747014.567252 1.711614 0.059980 0.084074 -0.000842 -0.006968 -0.008422 0.999940
1667747015.567565 1.838823 0.056339 0.095525 -0.001196 -0.011454 -0.057823 0.998260
1667747016.567852 1.900288 0.103279 0.082511 -0.002422 -0.014404 -0.155738 0.987690
1667747017.568140 1.985991 0.096581 0.085167 -0.000944 -0.008500 -0.205639 0.978590
1667747019.580657 1.971865 0.073543 0.065385 0.000566 -0.008023 -0.140109 0.990103
1667747020.679576 1.969760 0.054025 0.083498 0.000725 -0.004971 -0.103996 0.994565
1667747023.788488 2.049458 0.036283 0.085422 -0.000544 -0.003277 -0.042212 0.999103
1667747025.985623 2.259598 0.066565 0.101071 -0.004389 -0.002562 -0.002582 0.999984
1667747027.083970 2.385961 0.083893 0.100655 -0.002180 -0.001985 0.015854 0.999870
1667747028.182009 2.528564 0.096299 0.104229 -0.002235 -0.002132 0.024950 0.999684
1667747029.280071 2.656220 0.073419 0.102710 -0.000734 -0.001581 0.037174 0.999307
1667747030.378152 2.790500 0.053433 0.106271 0.000733 -0.004385 0.045454 0.998957
1667747031.442957 2.913143 0.071747 0.090726 -0.000696 -0.003756 0.060865 0.998139
1667747032.474459 3.001439 0.109054 0.080206 -0.002100 -0.005912 -0.040007 0.999180
1667747033.572505 3.077760 0.102802 0.096178 -0.004560 -0.004452 -0.106891 0.994250
1667747036.676401 3.178891 0.062234 0.110498 -0.003571 -0.000245 -0.058352 0.998290
1667747039.849850 3.303346 0.020576 0.085363 0.000224 -0.001910 -0.035442 0.999370
1667747041.951355 3.493895 -0.013920 0.085820 0.001363 -0.014709 -0.038586 0.999146
1667747043.952761 3.682546 -0.039069 0.102559 0.002122 -0.010151 -0.028624 0.999536
1667747044.953463 3.815889 -0.032248 0.109123 0.002886 -0.010231 -0.030801 0.999469
1667747046.054249 3.955789 -0.037499 0.098525 0.003245 -0.011770 -0.031730 0.999422
1667747047.054968 4.077443 -0.049319 0.112404 0.004365 -0.011258 -0.032555 0.999397
1667747048.055680 4.209079 -0.043103 0.110736 0.004904 -0.013273 -0.035652 0.999264
1667747049.056396 4.347342 -0.035242 0.112234 0.005712 -0.010694 -0.037460 0.999225
1667747051.181098 4.484234 -0.050001 0.120136 0.005161 -0.016430 -0.037287 0.999156
1667747053.378104 4.573713 -0.054332 0.114214 0.006719 -0.013273 -0.090015 0.995829
1667747054.575938 4.610453 -0.038953 0.122581 0.008662 -0.010613 -0.200442 0.979610
1667747055.577471 4.646961 -0.022097 0.114237 0.009676 -0.012802 -0.282180 0.959227
1667747056.586794 4.663649 -0.033295 0.105506 0.010802 -0.015365 -0.369479 0.929049
1667747057.593714 4.708151 -0.056145 0.107202 0.011761 -0.014529 -0.470311 0.882303
1667747058.691611 4.735116 -0.084828 0.103515 0.012396 -0.014612 -0.570956 0.820757
1667747059.697240 4.756765 -0.109455 0.100228 0.012122 -0.015296 -0.647338 0.761953
1667747060.791132 4.768229 -0.139606 0.099884 0.011967 -0.015198 -0.716432 0.697389
1667747061.885164 4.762222 -0.231581 0.098692 0.011299 -0.015535 -0.756804 0.653359
1667747062.979269 4.736979 -0.359797 0.101004 0.011217 -0.017080 -0.789026 0.614019
1667747064.073426 4.706439 -0.520378 0.099824 0.011862 -0.017376 -0.821366 0.570014
1667747065.167533 4.675907 -0.666302 0.087490 0.008956 -0.017472 -0.842291 0.538666
1667747066.267215 4.660289 -0.747577 0.063890 0.007534 -0.018431 -0.810726 0.585087
1667747067.370607 4.614761 -0.750965 0.079391 0.005528 -0.018395 -0.771507 0.635931
1667747069.575415 4.596194 -0.805783 0.094643 0.004774 -0.019286 -0.724187 0.689317
1667747070.671026 4.602144 -0.920402 0.093123 0.006839 -0.017267 -0.713435 0.700475
1667747071.767784 4.596111 -1.014173 0.106454 0.004313 -0.021489 -0.698861 0.714922
1667747073.785643 4.640813 -1.220676 0.113976 0.005165 -0.019591 -0.684295 0.728924
1667747074.883845 4.663712 -1.306816 0.112383 0.004213 -0.020838 -0.729139 0.684035
1667747076.985836 4.614896 -1.499242 0.108587 0.004842 -0.022917 -0.775571 0.630826
1667747079.282513 4.605486 -1.617217 0.119415 0.007607 -0.019234 -0.772327 0.634889
1667747084.657378 4.577431 -1.743391 0.118136 0.005736 -0.020007 -0.724343 0.689125
1667747086.863068 4.594038 -1.901036 0.125119 0.005860 -0.021847 -0.703052 0.710779
1667747087.960294 4.623596 -2.022168 0.127383 0.004301 -0.022454 -0.702662 0.711156
1667747089.059005 4.617026 -2.163168 0.118182 0.005563 -0.021543 -0.700077 0.713721
1667747090.161523 4.622485 -2.285641 0.128441 0.006073 -0.018696 -0.699130 0.714724
1667747091.259892 4.614567 -2.415200 0.129535 0.005410 -0.017349 -0.698641 0.715242
1667747092.358268 4.607379 -2.496486 0.133619 0.002376 -0.018589 -0.737454 0.675137
1667747094.555036 4.590237 -2.723396 0.145301 -0.001505 -0.020515 -0.737624 0.674899
1667747095.653417 4.570066 -2.881755 0.142087 0.001610 -0.017835 -0.738234 0.674307
1667747096.751788 4.572853 -3.016730 0.143555 0.001335 -0.022523 -0.738675 0.673685
1667747097.850569 4.562221 -3.153967 0.146797 0.004723 -0.020162 -0.738217 0.674245
1667747098.856284 4.563083 -3.261308 0.148818 0.004914 -0.022332 -0.738470 0.673898
1667747100.957594 4.552594 -3.412623 0.151344 0.003246 -0.022791 -0.709468 0.704362
1667747102.073768 4.553277 -3.511015 0.149423 0.002825 -0.023049 -0.690815 0.722659
1667747103.173187 4.576284 -3.662040 0.149521 0.006438 -0.022165 -0.687723 0.725607
1667747104.272604 4.587898 -3.804848 0.154488 0.007323 -0.024054 -0.684816 0.728282
1667747105.372013 4.599826 -3.918985 0.152265 0.005396 -0.027447 -0.724190 0.689033
1667747106.471415 4.590920 -4.022146 0.156769 0.006557 -0.025673 -0.735925 0.676545
1667747107.570839 4.583876 -4.149220 0.167865 0.010100 -0.023858 -0.736379 0.676074
1667747108.670240 4.564825 -4.308511 0.163789 0.009712 -0.024693 -0.734486 0.678104
1667747109.675069 4.564220 -4.442086 0.168446 0.007721 -0.024477 -0.735021 0.677558
1667747110.675756 4.564747 -4.576000 0.173502 0.008439 -0.020357 -0.727778 0.685459
1667747111.774386 4.565097 -4.704818 0.175048 0.009067 -0.019789 -0.717386 0.696336
1667747112.872958 4.559414 -4.861032 0.178054 0.008175 -0.025908 -0.715660 0.697921
1667747113.971681 4.545934 -5.013032 0.186351 0.008578 -0.027041 -0.713112 0.700476
1667747115.070302 4.537854 -5.169594 0.188674 0.007550 -0.025550 -0.712182 0.701489
1667747116.168979 4.522266 -5.322854 0.194375 0.004292 -0.028754 -0.711256 0.702331
1667747117.169708 4.502737 -5.460958 0.202457 0.005605 -0.023947 -0.710467 0.703301
1667747118.174283 4.500572 -5.598264 0.215325 0.007727 -0.023838 -0.710199 0.703555
1667747119.174318 4.511712 -5.760560 0.208858 0.006842 -0.023301 -0.711218 0.702552
1667747120.174335 4.519707 -5.903566 0.218035 0.005337 -0.025854 -0.712654 0.701018
1667747121.174349 4.520256 -6.046522 0.229380 0.007509 -0.024085 -0.712179 0.701544
1667747122.174365 4.538079 -6.195586 0.236745 0.007497 -0.023687 -0.711757 0.701987
1667747123.174385 4.528003 -6.350923 0.241893 0.009940 -0.022559 -0.710800 0.702962
1667747124.174436 4.556839 -6.491847 0.247758 0.005248 -0.027967 -0.712262 0.701337
1667747125.275898 4.558907 -6.652045 0.245344 0.008592 -0.023432 -0.711008 0.702741
1667747126.278988 4.554488 -6.801893 0.257031 0.011148 -0.024464 -0.709372 0.704321
1667747127.379795 4.561352 -6.952227 0.264985 0.009934 -0.023940 -0.710864 0.702852
1667747128.480593 4.567759 -7.114366 0.263930 0.002203 -0.022724 -0.713112 0.700678
1667747129.548032 4.575135 -7.255216 0.266644 0.000548 -0.023129 -0.728128 0.685050
1667747130.582117 4.592360 -7.391935 0.269261 0.006777 -0.021701 -0.729587 0.683510
1667747131.582860 4.598252 -7.535017 0.271547 0.010413 -0.021239 -0.732068 0.680820
1667747132.650298 4.599998 -7.685988 0.282427 0.010894 -0.020215 -0.734031 0.678728
1667747133.659481 4.583562 -7.832535 0.292496 0.004768 -0.024171 -0.734745 0.677896
1667747134.663394 4.594958 -7.979638 0.297774 0.006850 -0.022858 -0.735389 0.677225
1667747135.862729 4.569854 -8.164372 0.293417 0.004988 -0.027450 -0.734381 0.678164
1667747136.962126 4.551443 -8.299484 0.308618 0.006261 -0.022967 -0.713850 0.699894
1667747138.061530 4.521823 -8.465282 0.326942 0.007730 -0.024451 -0.712457 0.701247
1667747139.160951 4.502075 -8.627007 0.329931 0.009287 -0.025418 -0.708034 0.705659
1667747140.260393 4.504794 -8.781125 0.332985 0.008515 -0.027189 -0.705811 0.707827
1667747141.359863 4.502357 -8.942196 0.332468 0.011021 -0.025919 -0.705039 0.708609
1667747142.459337 4.536087 -9.097013 0.353183 0.012962 -0.020828 -0.705829 0.707957
1667747143.558749 4.550402 -9.231633 0.349203 0.012235 -0.023268 -0.746287 0.665104
1667747144.658152 4.567602 -9.351024 0.343359 0.012190 -0.024811 -0.757779 0.651926
1667747145.757559 4.536907 -9.479645 0.344557 0.010700 -0.023251 -0.729667 0.683323
1667747146.956888 4.536921 -9.610143 0.341103 0.008048 -0.022701 -0.715237 0.698467
1667747148.056309 4.538193 -9.778815 0.341923 0.007027 -0.029166 -0.712229 0.701306
1667747149.056380 4.528367 -9.921483 0.345352 0.008806 -0.025909 -0.711566 0.702087
1667747150.062658 4.527491 -10.065991 0.347590 0.008690 -0.024791 -0.711524 0.702170
1667747152.064325 4.526164 -10.181060 0.353476 0.008892 -0.025717 -0.723595 0.689689
1667747153.165113 4.544477 -10.198204 0.355290 0.009488 -0.026048 -0.787361 0.615869
1667747154.265906 4.543067 -10.201978 0.349996 0.010194 -0.024990 -0.846497 0.531710
1667747155.266633 4.546292 -10.236899 0.347363 -0.012560 0.021644 0.896638 -0.442058
1667747156.270292 4.526073 -10.265741 0.337384 -0.013520 0.020379 0.931643 -0.362550
1667747157.280338 4.512487 -10.319003 0.333254 -0.014416 0.019159 0.959817 -0.279601
1667747158.282593 4.477936 -10.326343 0.310839 -0.012866 0.018737 0.982865 -0.182918
1667747159.291737 4.455705 -10.334225 0.318405 -0.013159 0.017083 0.996640 -0.079022
1667747160.489494 4.434912 -10.341876 0.328372 -0.015959 0.015181 0.999687 -0.011861
1667747161.587456 4.380329 -10.361918 0.347948 -0.018880 0.012824 0.998641 0.046850
1667747162.685473 4.200470 -10.368878 0.281801 -0.016307 0.012099 0.993947 0.107971
1667747163.783485 4.045587 -10.382488 0.272919 -0.016513 0.011878 0.988651 0.148845
1667747164.881501 3.938238 -10.370547 0.276272 -0.016855 0.011453 0.981772 0.188968
1667747165.979543 3.947853 -10.388961 0.298970 -0.017292 0.009842 0.991782 0.126381
1667747168.175659 3.903459 -10.299773 0.283285 -0.016875 0.014714 0.997588 0.065705
1667747170.471632 3.755860 -10.295176 0.284818 -0.015520 0.015428 0.999204 0.033361
1667747171.569665 3.647531 -10.275569 0.300421 -0.014955 0.017846 0.999431 0.024412
1667747172.671996 3.532199 -10.275918 0.296106 -0.015664 0.018332 0.999570 0.016700
1667747173.674173 3.398962 -10.273442 0.284491 -0.015899 0.019348 0.999669 0.005917
1667747174.677940 3.295900 -10.281469 0.295778 -0.012923 0.022305 0.999647 -0.006378
1667747175.681380 3.169173 -10.282907 0.297092 -0.016977 0.021369 0.999555 -0.012022
1667747176.682110 3.036063 -10.314613 0.281961 -0.013975 0.020514 0.999554 -0.016631
1667747177.749556 2.917524 -10.312965 0.274826 -0.016342 0.020995 0.999514 -0.016228
1667747178.750289 2.814695 -10.332955 0.271718 -0.018685 0.018798 0.999511 0.016615
1667747180.751749 2.594858 -10.335405 0.263790 -0.017950 0.014275 0.999628 0.014753
1667747181.852546 2.450753 -10.336845 0.270997 -0.016916 0.015463 0.999682 0.010496
1667747182.853265 2.311657 -10.337241 0.265472 -0.014583 0.016585 0.999733 0.006756
1667747183.853972 2.171750 -10.334140 0.259344 -0.014912 0.019070 0.999704 0.002617
1667747184.954756 2.023162 -10.343977 0.247279 -0.014070 0.018305 0.999732 0.001712
1667747185.955477 1.870198 -10.336066 0.239311 -0.016714 0.016606 0.999690 -0.008031
1667747187.056275 1.749696 -10.352061 0.234804 -0.015586 0.015010 0.998920 0.041115
1667747188.057007 1.635592 -10.350512 0.232056 -0.010338 0.017313 0.998730 0.046172
1667747189.057731 1.509949 -10.340611 0.233771 -0.010933 0.020843 0.998586 0.047664
1667747190.058461 1.364165 -10.326590 0.230973 -0.017485 0.018028 0.998375 0.051152
1667747191.159287 1.202963 -10.322334 0.220943 -0.014369 0.017760 0.998383 0.052050
1667747192.260062 1.049732 -10.315748 0.212621 -0.008101 0.018590 0.998448 0.051876
1667747193.260793 0.909937 -10.294798 0.208310 -0.012456 0.019635 0.998431 0.050933
1667747194.261529 0.769181 -10.291243 0.199243 -0.012855 0.020102 0.998274 0.053666
1667747195.262274 0.625384 -10.273482 0.190837 -0.013877 0.020560 0.998236 0.053938
1667747197.263730 0.425218 -10.259966 0.188729 -0.012403 0.021958 0.999362 -0.025292
1667747198.264451 0.307687 -10.265468 0.190872 -0.011920 0.022551 0.999234 -0.029684
1667747199.265176 0.216312 -10.278825 0.190371 -0.011942 0.024120 0.999064 -0.033871
1667747201.266654 0.102563 -10.284344 0.182926 -0.011902 0.022771 0.999067 -0.034717
1667747203.268079 0.024817 -10.273941 0.171994 -0.010654 0.023257 0.999461 0.020587
1667747204.268777 -0.014586 -10.291863 0.171413 -0.010701 0.022892 0.993917 0.107194
1667747205.269480 -0.041142 -10.251148 0.161261 -0.011566 0.022125 0.982121 0.186589
1667747206.370265 -0.114501 -10.261867 0.161178 -0.012027 0.020017 0.958098 0.285488
1667747207.370981 -0.178916 -10.257369 0.159009 -0.013217 0.018432 0.928129 0.371566
1667747208.371686 -0.194973 -10.240153 0.150844 -0.014140 0.016796 0.899910 0.435523
1667747209.372389 -0.214839 -10.236851 0.137755 -0.015253 0.013926 0.857938 0.513337
1667747210.373101 -0.240252 -10.229831 0.120257 -0.013669 0.010572 0.808347 0.588453
1667747211.376688 -0.217507 -10.193263 0.117954 -0.013176 0.007708 0.753882 0.656832
1667747212.386848 -0.202749 -10.153786 0.130753 -0.014884 0.006943 0.719932 0.693850
1667747214.585655 -0.252273 -9.969964 0.128450 -0.018446 0.007297 0.629112 0.777062
1667747215.785012 -0.238152 -9.899770 0.123494 -0.015383 0.003538 0.586886 0.809516
1667747216.884451 -0.279533 -9.868731 0.127054 -0.015986 0.004666 0.621646 0.783121
1667747220.282688 -0.237578 -9.763968 0.116641 -0.017415 0.003242 0.645365 0.763669
1667747221.283330 -0.234918 -9.731334 0.109331 -0.018216 0.008573 0.710062 0.703851
1667747223.458750 -0.258532 -9.544940 0.099670 -0.014025 0.006595 0.734236 0.678717
1667747224.556786 -0.231992 -9.438345 0.111701 -0.015350 0.006887 0.737755 0.674859
1667747226.752847 -0.261769 -9.279458 0.110889 -0.013644 0.005325 0.698563 0.715399
1667747227.855606 -0.210297 -9.179138 0.089477 -0.011547 0.001265 0.648487 0.761137
1667747229.956815 -0.188534 -9.061246 0.071418 -0.011192 0.000409 0.647541 0.761948
1667747233.355046 -0.207673 -8.928376 0.084415 -0.012128 0.001441 0.681730 0.731502
1667747235.553868 -0.250371 -8.808376 0.081538 -0.012132 0.002152 0.686752 0.726788
1667747236.653292 -0.291357 -8.718798 0.077967 -0.011151 0.002342 0.686991 0.726577
1667747237.656038 -0.294417 -8.611785 0.073711 -0.010308 0.000640 0.690139 0.723603
1667747238.760456 -0.314125 -8.509451 0.062691 -0.008867 -0.002042 0.689753 0.723988
1667747239.761178 -0.320218 -8.415713 0.060316 -0.010226 -0.001718 0.691207 0.722583
1667747240.761884 -0.323919 -8.296942 0.046457 -0.011754 -0.001847 0.692466 0.721353
1667747241.762584 -0.309567 -8.167642 0.047997 -0.012688 -0.000173 0.697213 0.716752
1667747242.763289 -0.331239 -8.057606 0.055300 -0.010048 -0.003068 0.699132 0.714916
1667747243.763994 -0.363839 -7.932592 0.054317 -0.009098 -0.005883 0.698741 0.715292
1667747244.764716 -0.370034 -7.811789 0.053586 -0.007923 -0.005182 0.700536 0.713555
1667747245.765443 -0.386870 -7.680561 0.045084 -0.011256 -0.003914 0.700883 0.713176
1667747246.766152 -0.392267 -7.547338 0.041824 -0.013555 -0.003013 0.702513 0.711536
1667747247.766863 -0.421153 -7.422700 0.045403 -0.013144 -0.003243 0.702210 0.711842
1667747248.767576 -0.419956 -7.290022 0.043088 -0.015238 -0.001912 0.702475 0.711543
1667747249.768303 -0.408427 -7.164780 0.032250 -0.013741 -0.002639 0.694626 0.719235
1667747250.769048 -0.407243 -7.016305 0.030255 -0.014106 -0.003413 0.694356 0.719486
1667747251.869861 -0.426395 -6.873255 0.029941 -0.014128 -0.004419 0.668723 0.743365
1667747252.870606 -0.432782 -6.764248 0.037254 -0.011629 -0.006048 0.660823 0.750428
1667747253.971422 -0.431869 -6.611427 0.033803 -0.010085 -0.007585 0.660224 0.750963
1667747254.972159 -0.391885 -6.476648 0.034063 -0.010988 -0.005403 0.661934 0.749462
1667747255.972898 -0.385589 -6.335800 0.033973 -0.010441 -0.004575 0.661347 0.749993
1667747256.973625 -0.396524 -6.193233 0.038041 -0.012402 -0.004355 0.660147 0.751021
1667747257.974343 -0.365363 -6.043792 0.019039 -0.010961 -0.006617 0.662101 0.749305
1667747258.975070 -0.342509 -5.962939 0.022400 -0.011696 -0.004979 0.713483 0.700557
1667747260.976513 -0.352877 -5.761715 0.018540 -0.013714 -0.006694 0.728360 0.685025
1667747262.977953 -0.348987 -5.562572 0.002514 -0.011231 -0.006052 0.718686 0.695217
1667747263.978671 -0.328393 -5.445761 -0.010926 -0.012922 -0.002316 0.718656 0.695242
1667747264.979383 -0.332671 -5.309052 -0.005657 -0.010441 -0.007930 0.718701 0.695196
1667747265.980147 -0.342026 -5.178430 -0.014068 -0.010468 -0.007599 0.683240 0.730079
1667747266.980897 -0.348312 -5.164106 -0.012491 -0.009245 -0.011139 0.602259 0.798170
1667747268.081691 -0.304638 -5.053928 -0.002798 -0.007732 -0.010627 0.567853 0.823025
1667747273.172449 -0.285610 -4.982558 0.000835 -0.005535 -0.011132 0.590770 0.806744
1667747277.564492 -0.289399 -4.831904 -0.007118 -0.007162 -0.010823 0.622755 0.782310
1667747278.662544 -0.310694 -4.802778 0.004108 -0.010676 -0.005398 0.675747 0.737036
1667747280.958469 -0.337890 -4.646570 0.000959 -0.011014 -0.009828 0.684078 0.729259
1667747282.056525 -0.361145 -4.535234 -0.005260 -0.013687 -0.007333 0.685992 0.727444
1667747283.154588 -0.368815 -4.406462 -0.006004 -0.011933 -0.005223 0.688909 0.724731
1667747284.230186 -0.390375 -4.294969 -0.014518 -0.013408 -0.004176 0.689215 0.724421
1667747285.262261 -0.367905 -4.168396 -0.005067 -0.009790 -0.006320 0.691041 0.722722
1667747286.265993 -0.367244 -4.037832 -0.004689 -0.008322 -0.007915 0.692559 0.721270
1667747287.465216 -0.364059 -3.891157 -0.002907 -0.011019 -0.005177 0.694498 0.719392
1667747288.470358 -0.329092 -3.758882 -0.004267 -0.010837 -0.004392 0.697336 0.716649
1667747289.569808 -0.290158 -3.612165 -0.011896 -0.012127 -0.003127 0.700571 0.713473
1667747290.669228 -0.267485 -3.472877 -0.024511 -0.010214 -0.002135 0.703763 0.710358
1667747291.768656 -0.243263 -3.284895 -0.040407 -0.007443 -0.003631 0.709295 0.704864
1667747292.868095 -0.215730 -3.097387 -0.051798 -0.007618 -0.003997 0.713140 0.700969
1667747293.967528 -0.223048 -2.945149 -0.063862 -0.008483 -0.003072 0.708676 0.705477
1667747295.066946 -0.200650 -2.784276 -0.083228 -0.006045 -0.005603 0.711049 0.703094
1667747296.266310 -0.174217 -2.608256 -0.077229 -0.004905 -0.004959 0.715139 0.698947
1667747297.365722 -0.172266 -2.469555 -0.066512 -0.001739 -0.005492 0.716247 0.697823
1667747298.565101 -0.140836 -2.338893 -0.057180 -0.004454 -0.001419 0.680565 0.732673
1667747299.565955 -0.146056 -2.237470 -0.070498 -0.002113 -0.003261 0.675942 0.736944
1667747300.571818 -0.149562 -2.103850 -0.058842 -0.002338 -0.007991 0.673286 0.739335
1667747301.572563 -0.126951 -1.982108 -0.058664 -0.003154 -0.007047 0.673584 0.739070
1667747302.673359 -0.134926 -1.829233 -0.049298 -0.004965 -0.006816 0.671564 0.740898
1667747303.674079 -0.104499 -1.700107 -0.038773 -0.005895 -0.009183 0.670148 0.742147
1667747304.674801 -0.097913 -1.559143 -0.046146 -0.006091 -0.007048 0.669669 0.742602
1667747305.675529 -0.089360 -1.420707 -0.027329 -0.005689 -0.008845 0.669551 0.742692
1667747306.676246 -0.090333 -1.313483 -0.021535 -0.004566 -0.008214 0.684899 0.728577
1667747307.676964 -0.066906 -1.214437 -0.028748 -0.003620 -0.007380 0.712034 0.702096
1667747308.677675 -0.049900 -1.090489 -0.047645 -0.003936 -0.007245 0.713433 0.700675
1667747309.678390 -0.043232 -0.945624 -0.037205 -0.001790 -0.007296 0.715224 0.698855
1667747310.679127 -0.032314 -0.811392 -0.035595 -0.001592 -0.004919 0.716187 0.697889
1667747311.679863 -0.022551 -0.682435 -0.030859 -0.000909 -0.003209 0.717052 0.697012
1667747312.780653 -0.007467 -0.556456 -0.006284 -0.000500 -0.002958 0.689634 0.724152
1667747313.781391 -0.004109 -0.433932 0.013783 0.001259 -0.002104 0.687421 0.726255
1667747314.782122 0.015532 -0.302697 0.017232 0.001554 0.000381 0.688239 0.725482
1667747315.782827 0.023084 -0.209076 0.032765 0.002462 0.001598 0.688665 0.725074
1667747317.863057 0.029797 -0.131955 0.033619 0.002587 0.001163 0.611841 0.790975
1667747318.962438 0.019196 -0.115152 0.068018 -0.001632 0.003932 0.525135 0.851008
1667747320.061821 0.027077 -0.029074 0.047925 -0.000046 0.001192 0.448029 0.894018
1667747321.161213 0.023307 0.055551 0.018400 0.001362 -0.000607 0.343960 0.938983
1667747322.260601 0.026735 0.079283 0.009771 -0.001648 0.000885 0.241261 0.970458
1667747323.267434 0.033903 0.086257 0.000587 -0.001897 -0.001051 0.132902 0.991127
1667747324.268280 0.065830 0.076040 -0.004593 -0.001301 -0.002606 0.052993 0.998591
1667747326.564857 0.254298 0.080600 0.004286 -0.001425 -0.011430 -0.032207 0.999415
1667747327.663281 0.407368 0.074864 0.007361 -0.002458 -0.015230 -0.074795 0.997080
1667747328.761681 0.545070 0.062221 0.021459 0.000312 -0.014083 -0.100973 0.994790
1667747329.860094 0.684148 0.043264 0.027070 0.001575 -0.011334 -0.127301 0.991798
1667747330.958498 0.718071 0.055589 0.045024 0.000092 -0.007912 -0.059500 0.998197
1667747333.071192 0.868537 0.050395 0.059669 -0.001414 -0.006268 -0.020570 0.999768
1667747334.072895 0.976278 0.059052 0.067551 -0.003611 -0.004551 -0.014372 0.999880
1667747335.271111 1.111267 0.056841 0.082603 -0.004141 -0.005108 -0.003777 0.999971
1667747336.369477 1.243034 0.061620 0.083291 -0.002824 -0.003637 0.006318 0.999969
1667747337.467850 1.387483 0.059670 0.078360 -0.003686 -0.005080 0.021425 0.999751
1667747338.566467 1.501859 0.049675 0.082493 -0.000855 -0.004331 0.029377 0.999559
1667747339.570426 1.615937 0.060309 0.086728 -0.000753 -0.001396 0.030478 0.999534
1667747341.670078 1.794062 0.066262 0.086666 -0.001941 -0.012723 0.007141 0.999892
1667747342.776156 1.950185 0.075988 0.081997 0.001015 -0.006354 0.011042 0.999918
1667747343.874775 2.093840 0.116831 0.085046 -0.000357 -0.001279 -0.022070 0.999756
1667747345.073233 2.236492 0.138446 0.095619 -0.003093 -0.005443 -0.046753 0.998887
1667747346.171807 2.401918 0.152928 0.099951 -0.001580 -0.001897 -0.046803 0.998901
1667747347.174083 2.544859 0.137891 0.101164 -0.002362 -0.003773 -0.046289 0.998918
1667747348.179694 2.686313 0.114666 0.104357 -0.002525 -0.002998 -0.045708 0.998947
1667747349.182221 2.809486 0.092748 0.121778 -0.000861 -0.003956 -0.046540 0.998908
1667747350.281536 2.970275 0.076876 0.110779 -0.001417 -0.002741 -0.048198 0.998833
1667747351.380676 3.124081 0.047031 0.113001 -0.004501 -0.001332 -0.049318 0.998772
1667747352.479905 3.287940 -0.000914 0.086675 -0.000414 -0.003819 -0.044368 0.999008
1667747353.579131 3.429005 -0.022106 0.078144 0.003096 -0.009453 -0.039046 0.999188
1667747354.678329 3.549152 -0.045029 0.084814 -0.000442 -0.016957 -0.037301 0.999160
1667747355.777544 3.688671 -0.067165 0.095015 0.002330 -0.009283 -0.026247 0.999610
1667747356.876715 3.830101 -0.064198 0.113175 0.003522 -0.007349 -0.025177 0.999650
1667747357.878376 3.979706 -0.057265 0.098333 0.004128 -0.014746 -0.027241 0.999512
1667747358.892223 4.116777 -0.073204 0.108032 0.006594 -0.013334 -0.026255 0.999545
1667747359.992125 4.282297 -0.054984 0.109547 0.006223 -0.013886 -0.028864 0.999468
1667747360.995476 4.412400 -0.055909 0.113798 0.005480 -0.012643 -0.028004 0.999513
1667747363.159578 4.567408 -0.066273 0.115009 0.007368 -0.013851 -0.109565 0.993856
1667747364.260704 4.624969 -0.034756 0.116067 0.008758 -0.012005 -0.224112 0.974450
1667747365.359466 4.653482 -0.052322 0.100745 0.010133 -0.014938 -0.340719 0.939992
1667747366.458238 4.691381 -0.071934 0.107962 0.011506 -0.014654 -0.452819 0.891408
1667747367.557026 4.723443 -0.104003 0.103621 0.011579 -0.015303 -0.563812 0.825680
1667747368.655816 4.747660 -0.139019 0.100203 0.011897 -0.015511 -0.666235 0.745486
1667747369.754607 4.756347 -0.167263 0.100467 0.012537 -0.013910 -0.731905 0.681149
1667747371.863532 4.733663 -0.337952 0.102459 0.011721 -0.016238 -0.794111 0.607442
1667747374.060333 4.703565 -0.402282 0.099027 0.011659 -0.017930 -0.747514 0.663902
1667747377.168590 4.707417 -0.619925 0.103489 0.006247 -0.018520 -0.725523 0.687921
1667747378.267558 4.698293 -0.761324 0.100488 0.001467 -0.019810 -0.720638 0.693027
1667747379.366522 4.682962 -0.901351 0.102138 0.007263 -0.016819 -0.715418 0.698456
1667747380.465464 4.677762 -1.028957 0.108833 0.007715 -0.019652 -0.707866 0.706031
1667747381.564440 4.722816 -1.109909 0.108670 0.007169 -0.019948 -0.748537 0.662754
1667747382.663421 4.714289 -1.168481 0.106839 0.006826 -0.019582 -0.794372 0.607078
1667747383.762371 4.675241 -1.315148 0.101665 0.005955 -0.022685 -0.811592 0.583754
1667747384.861314 4.637128 -1.422122 0.109205 0.005776 -0.021385 -0.826822 0.562028
1667747386.966930 4.618292 -1.442578 0.107524 0.004792 -0.021072 -0.782620 0.622124
1667747389.968175 4.600468 -1.582579 0.114126 0.006261 -0.020675 -0.760382 0.649117
1667747392.082924 4.569913 -1.721694 0.113196 0.004815 -0.020068 -0.653552 0.756601
1667747394.183961 4.612736 -1.904042 0.118281 0.004451 -0.021570 -0.608965 0.792891
1667747398.680286 4.653531 -1.978850 0.117782 0.003174 -0.022259 -0.648612 0.760787
1667747399.779414 4.662947 -1.993186 0.125060 0.003793 -0.023091 -0.703789 0.710023
1667747401.977640 4.665763 -2.216935 0.125825 0.007916 -0.018217 -0.720380 0.693295
1667747403.176696 4.645388 -2.358179 0.136437 0.008196 -0.016806 -0.736283 0.676416
1667747404.275806 4.629181 -2.491227 0.133878 0.003160 -0.019496 -0.743362 0.668598
1667747405.374918 4.614607 -2.616017 0.134685 -0.000746 -0.022467 -0.758493 0.651294
1667747406.376750 4.590581 -2.733975 0.147497 -0.000734 -0.020066 -0.762242 0.646980
1667747407.381320 4.578110 -2.843328 0.143787 0.003251 -0.017627 -0.761257 0.648203
1667747409.584091 4.567249 -3.029239 0.144682 0.001315 -0.022437 -0.738987 0.673344
1667747410.651528 4.563210 -3.177566 0.146373 0.003981 -0.021248 -0.741152 0.670990
1667747411.652236 4.556360 -3.303759 0.144989 0.004793 -0.022768 -0.742399 0.669554
1667747413.753734 4.546565 -3.499397 0.144079 0.002822 -0.023851 -0.707953 0.705851
1667747414.754451 4.560702 -3.631023 0.141768 0.005680 -0.021194 -0.707791 0.706082
1667747415.763891 4.567847 -3.771595 0.148767 0.005915 -0.025113 -0.709315 0.704419
1667747416.767616 4.571562 -3.906517 0.146129 0.005091 -0.027357 -0.709582 0.704073
1667747417.867012 4.568847 -4.049463 0.164929 0.009483 -0.023979 -0.710267 0.703460
1667747418.966408 4.567138 -4.199393 0.166787 0.010104 -0.023689 -0.711630 0.702082
1667747420.065838 4.572429 -4.372711 0.162399 0.008351 -0.025252 -0.714195 0.699441
1667747421.265236 4.575574 -4.539482 0.175457 0.007404 -0.021171 -0.716779 0.696939
1667747422.266132 4.582132 -4.683025 0.176903 0.008770 -0.018798 -0.717168 0.696592
1667747423.276528 4.576145 -4.828968 0.179417 0.007541 -0.025665 -0.716113 0.697472
1667747424.374580 4.563555 -4.973303 0.184721 0.009832 -0.026656 -0.715529 0.698005
1667747425.374817 4.548298 -5.124980 0.189891 0.007858 -0.026054 -0.716200 0.697365
1667747426.383529 4.532055 -5.261599 0.192321 0.006329 -0.026637 -0.715524 0.698051
1667747427.480187 4.512229 -5.419688 0.197792 0.005737 -0.025885 -0.717387 0.696170
1667747428.576867 4.515123 -5.579356 0.211200 0.007783 -0.023260 -0.717249 0.696385
1667747429.673555 4.513178 -5.749578 0.204829 0.006836 -0.024399 -0.718103 0.695476
1667747430.770260 4.522478 -5.917229 0.215048 0.006051 -0.025686 -0.720349 0.693110
1667747431.771202 4.514376 -6.055766 0.232828 0.008032 -0.023102 -0.721781 0.691690
1667747432.772450 4.533631 -6.208447 0.235367 0.007982 -0.023635 -0.725312 0.687968
1667747433.970367 4.528700 -6.390811 0.240008 0.009530 -0.023611 -0.726613 0.686575
1667747435.068462 4.531078 -6.553992 0.242454 0.005331 -0.028048 -0.730564 0.682247
1667747436.166522 4.534515 -6.707541 0.256260 0.009863 -0.023607 -0.731992 0.680832
1667747437.264593 4.526215 -6.862828 0.261611 0.010052 -0.024643 -0.734894 0.677659
1667747438.363741 4.519694 -7.023733 0.259617 0.003267 -0.023552 -0.738757 0.673553
1667747439.468261 4.508023 -7.158521 0.270343 0.001673 -0.021324 -0.726648 0.686677
1667747440.567876 4.517462 -7.304683 0.267359 0.007728 -0.021490 -0.725052 0.688315
1667747441.570045 4.534440 -7.446681 0.269603 0.009898 -0.023340 -0.725479 0.687778
1667747442.574779 4.534789 -7.591009 0.278742 0.010896 -0.024329 -0.724032 0.689251
1667747443.575496 4.535529 -7.720405 0.285642 0.009179 -0.020773 -0.720047 0.693553
1667747444.579267 4.532486 -7.847690 0.291073 0.001547 -0.025052 -0.701211 0.712512
1667747445.586740 4.541670 -7.998431 0.297427 0.006303 -0.022283 -0.698670 0.715069
1667747446.686402 4.532289 -8.155333 0.295960 0.005973 -0.026250 -0.696271 0.717274
1667747447.786058 4.536000 -8.323565 0.306588 0.006917 -0.023666 -0.696228 0.717398
1667747448.985664 4.516954 -8.512071 0.323799 0.008238 -0.023223 -0.696667 0.716971
1667747450.085331 4.509050 -8.670715 0.331766 0.007852 -0.026172 -0.697124 0.716429
1667747451.185002 4.510531 -8.804351 0.337089 0.009063 -0.027419 -0.698235 0.715286
1667747452.284677 4.537241 -8.894497 0.338239 0.010870 -0.025731 -0.774585 0.631853
1667747453.351024 4.585693 -8.948036 0.320104 0.011577 -0.025428 -0.852830 0.521441
1667747454.384075 4.591617 -8.960465 0.348570 -0.014185 0.022006 0.879049 -0.476011
1667747457.649818 4.560606 -8.988391 0.348421 0.013419 -0.022974 -0.852340 0.522311
1667747462.967854 4.540907 -9.087025 0.339900 0.012004 -0.023727 -0.817891 0.574758
1667747469.564381 4.480113 -9.179926 0.331984 0.010885 -0.025722 -0.781777 0.622932
1667747471.763283 4.449104 -9.179729 0.356484 0.012667 -0.023981 -0.730872 0.681976
1667747475.061552 4.473769 -9.324073 0.344239 0.009646 -0.026503 -0.727852 0.685154
1667747477.260333 4.456891 -9.456155 0.345922 0.008030 -0.027027 -0.690905 0.722396
1667747479.368030 4.462955 -9.688845 0.336683 0.008728 -0.021440 -0.676661 0.735931
1667747480.368752 4.451786 -9.800488 0.340325 0.009264 -0.025698 -0.668312 0.743379
1667747481.369484 4.466884 -9.897213 0.339462 0.009306 -0.026514 -0.663684 0.747485
1667747482.370182 4.493371 -9.998720 0.345840 0.009152 -0.023964 -0.658848 0.751838
1667747483.370881 4.525031 -10.114688 0.359842 0.006795 -0.024871 -0.654048 0.756013
1667747488.374478 4.519145 -10.126439 0.354411 0.007759 -0.025286 -0.692509 0.720924
1667747490.476009 4.523394 -10.115143 0.346390 0.007518 -0.027069 -0.757545 0.652179
1667747491.476723 4.548104 -10.120541 0.348579 0.008519 -0.025713 -0.791541 0.610515
1667747493.478182 4.559102 -10.113365 0.341906 0.009384 -0.025147 -0.856479 0.515485
1667747494.478920 4.565507 -10.126155 0.348860 -0.011190 0.023073 0.900345 -0.434421
1667747495.579735 4.566611 -10.153369 0.337814 -0.011451 0.022628 0.941655 -0.335624
1667747496.580457 4.571731 -10.168130 0.331813 -0.012641 0.022322 0.960030 -0.278719
1667747498.581910 4.429281 -10.239742 0.320867 -0.016538 0.018874 0.974155 -0.224483
1667747499.582627 4.341916 -10.277690 0.314013 -0.015377 0.019195 0.989806 -0.140281
1667747500.650058 4.238367 -10.312297 0.311412 -0.017441 0.015338 0.997635 -0.064697
1667747501.684128 4.155291 -10.326769 0.300786 -0.014600 0.015001 0.999780 -0.000988
1667747502.751577 3.995482 -10.345531 0.288546 -0.015432 0.013229 0.999631 0.018019
1667747503.756814 3.856367 -10.352568 0.286000 -0.016097 0.014486 0.999389 0.027446
1667747504.765191 3.720950 -10.354942 0.280209 -0.013937 0.014432 0.998990 0.040202
1667747505.864576 3.588958 -10.330684 0.298125 -0.015569 0.015101 0.998250 0.055007
1667747506.963962 3.452686 -10.322423 0.296035 -0.018646 0.018436 0.997175 0.070389
1667747508.063367 3.295837 -10.323072 0.288815 -0.012494 0.020117 0.995985 0.086334
1667747510.171314 3.175824 -10.283936 0.290582 -0.014781 0.022528 0.998586 -0.045831
1667747512.371287 3.071343 -10.315053 0.285063 -0.014669 0.020852 0.999661 -0.005273
1667747513.469322 2.964660 -10.321575 0.278442 -0.015702 0.020600 0.999659 0.003179
1667747514.567406 2.846047 -10.328973 0.275153 -0.017060 0.019181 0.999582 0.013277
1667747515.665470 2.715912 -10.333739 0.271049 -0.019174 0.016532 0.999269 0.028649
1667747516.763530 2.573864 -10.338026 0.264167 -0.019379 0.013687 0.998831 0.042122
1667747517.861558 2.441991 -10.333909 0.261331 -0.016098 0.015160 0.998492 0.050256
1667747518.959612 2.299716 -10.320747 0.257217 -0.015442 0.016452 0.998125 0.056898
1667747519.961763 2.169118 -10.308047 0.242928 -0.012504 0.018894 0.998004 0.058953
1667747521.064143 2.030213 -10.301714 0.236382 -0.013327 0.016103 0.997213 0.071614
1667747522.163586 1.889822 -10.288192 0.239225 -0.019613 0.014166 0.995844 0.087800
1667747524.362386 1.703847 -10.262599 0.224298 -0.012539 0.015573 0.998904 0.042310
1667747525.462012 1.567205 -10.258005 0.234959 -0.013144 0.019509 0.998716 0.044856
1667747527.469549 1.362990 -10.233164 0.231161 -0.015541 0.019543 0.999684 0.003026
1667747528.570330 1.207581 -10.241968 0.216933 -0.015367 0.017160 0.999719 0.005581
1667747529.571030 1.070331 -10.251564 0.208738 -0.010663 0.016844 0.999777 0.006930
1667747530.571754 0.930867 -10.256881 0.207742 -0.013493 0.019582 0.999702 0.005468
1667747531.572455 0.793714 -10.253184 0.197613 -0.012537 0.022007 0.999650 0.007674
1667747532.573174 0.652359 -10.243734 0.189928 -0.012995 0.021157 0.999664 0.007503
1667747533.574928 0.510313 -10.245883 0.190755 -0.013379 0.021205 0.999654 0.007909
1667747534.587085 0.370150 -10.251846 0.186121 -0.011459 0.022913 0.999642 0.007723
1667747535.686483 0.218653 -10.256359 0.182524 -0.010532 0.023446 0.999647 0.006650
1667747536.785879 0.087176 -10.255319 0.180644 -0.012210 0.022703 0.999659 0.004288
1667747538.984728 0.020909 -10.230027 0.170088 -0.011925 0.023575 0.997538 0.064962
1667747539.989585 -0.024648 -10.226496 0.157490 -0.011716 0.022610 0.990267 0.136833
1667747541.095623 -0.055526 -10.223100 0.158506 -0.012122 0.021276 0.973092 0.229113
1667747542.193640 -0.140108 -10.214233 0.152095 -0.013675 0.019164 0.943545 0.330408
1667747543.258404 -0.143370 -10.196875 0.143313 -0.014332 0.016137 0.902287 0.430595
1667747544.289887 -0.168193 -10.188139 0.137879 -0.014768 0.013315 0.840980 0.540700
1667747545.387918 -0.191936 -10.163370 0.125915 -0.014371 0.009045 0.762292 0.647011
1667747546.485984 -0.187100 -10.125032 0.131000 -0.015324 0.008821 0.728255 0.685078
1667747548.648808 -0.237914 -9.888927 0.127309 -0.015467 0.006295 0.654593 0.755797
1667747551.852246 -0.221769 -9.722948 0.119508 -0.017383 0.005552 0.676968 0.735787
1667747553.862475 -0.239088 -9.565860 0.104734 -0.013759 0.006348 0.702513 0.711509
1667747554.960632 -0.233067 -9.453409 0.098198 -0.014250 0.005167 0.708026 0.706024
1667747556.061638 -0.209840 -9.330973 0.106765 -0.012953 0.004579 0.713524 0.700496
1667747557.065149 -0.205870 -9.182155 0.094610 -0.013083 0.005184 0.718803 0.695071
1667747558.164677 -0.216934 -9.049302 0.079874 -0.009795 0.001961 0.723930 0.689802
1667747559.264207 -0.229585 -8.917724 0.086104 -0.011079 0.001614 0.726389 0.687193
1667747560.363746 -0.271289 -8.805552 0.077460 -0.012097 0.003140 0.725018 0.688617
1667747561.463293 -0.308451 -8.754565 0.082068 -0.012767 0.000846 0.647708 0.761781
1667747562.562837 -0.288794 -8.670152 0.068518 -0.011506 -0.001267 0.584367 0.811407
1667747563.629071 -0.256785 -8.636668 0.066849 -0.010146 -0.001512 0.532726 0.846226
1667747566.861048 -0.253799 -8.607435 0.069311 -0.010214 -0.001277 0.599611 0.800225
1667747570.979876 -0.244041 -8.517474 0.053879 -0.009060 -0.002539 0.642519 0.766212
1667747574.190388 -0.280829 -8.374439 0.054148 -0.010706 -0.003758 0.674479 0.738207
1667747576.386339 -0.265668 -8.188960 0.047676 -0.012018 -0.001615 0.680408 0.732734
1667747578.582362 -0.300306 -7.994148 0.058679 -0.009698 -0.004745 0.682827 0.730501
1667747580.590522 -0.315247 -7.834047 0.053979 -0.006012 -0.006650 0.685715 0.727815
1667747581.687144 -0.318708 -7.730881 0.056446 -0.007416 -0.008820 0.685906 0.727599
1667747582.783776 -0.316915 -7.599958 0.043089 -0.011848 -0.004556 0.686597 0.726927
1667747583.880515 -0.319362 -7.483176 0.047332 -0.012577 -0.002298 0.687792 0.725795
1667747584.978822 -0.328977 -7.348437 0.044788 -0.014298 -0.001153 0.688806 0.724804
1667747585.987494 -0.316945 -7.223163 0.034339 -0.013873 -0.000992 0.691281 0.722452
1667747587.089773 -0.313554 -7.086518 0.030882 -0.013196 -0.003187 0.691948 0.721819
1667747588.186441 -0.331011 -6.952200 0.034103 -0.013041 -0.003668 0.693469 0.720359
1667747589.286074 -0.336686 -6.817739 0.031275 -0.013756 -0.003743 0.693870 0.719959
1667747590.288149 -0.353686 -6.695453 0.034007 -0.012454 -0.005704 0.693292 0.720527
1667747591.392101 -0.343109 -6.559584 0.031375 -0.010692 -0.006464 0.694851 0.719045
1667747592.396547 -0.323337 -6.437748 0.029084 -0.010700 -0.005174 0.697607 0.716382
1667747593.493180 -0.343926 -6.299661 0.032629 -0.011446 -0.003469 0.697443 0.716540
1667747594.656285 -0.353650 -6.150398 0.024356 -0.011649 -0.004584 0.697352 0.716619
1667747595.658643 -0.343136 -6.013099 0.023637 -0.012507 -0.004820 0.699018 0.714979
1667747596.758424 -0.348916 -5.869473 0.023458 -0.012393 -0.006316 0.700807 0.713216
1667747597.867796 -0.334768 -5.717204 0.011237 -0.010939 -0.008140 0.704176 0.709894
1667747598.965922 -0.311854 -5.564669 -0.001223 -0.011368 -0.006490 0.703811 0.710267
1667747600.062605 -0.300046 -5.454830 -0.003228 -0.011403 -0.004960 0.672147 0.740313
1667747601.160827 -0.284967 -5.291121 -0.005609 -0.009777 -0.008430 0.672261 0.740202
1667747602.163947 -0.285312 -5.142426 -0.011854 -0.011376 -0.009655 0.670748 0.741535
1667747603.262006 -0.302074 -5.004286 0.002725 -0.009150 -0.007375 0.670501 0.741816
1667747604.360111 -0.328612 -4.859473 0.000642 -0.008116 -0.010775 0.669304 0.742866
1667747605.458159 -0.355173 -4.712194 -0.005076 -0.010520 -0.009128 0.667585 0.744403
1667747606.461872 -0.379865 -4.570591 -0.008332 -0.012009 -0.009108 0.664497 0.747139
1667747607.469815 -0.356084 -4.429730 -0.007090 -0.010511 -0.006313 0.665929 0.745914
1667747608.471744 -0.354721 -4.299236 -0.010325 -0.013598 -0.004187 0.678140 0.734795
1667747609.569760 -0.340797 -4.158226 -0.006388 -0.009312 -0.006359 0.685065 0.728395
1667747610.667787 -0.351728 -3.997497 -0.004657 -0.008280 -0.006196 0.683869 0.729532
1667747611.765797 -0.346538 -3.830072 -0.006906 -0.010822 -0.004961 0.683541 0.729815
1667747612.772717 -0.285401 -3.670379 -0.010968 -0.011301 -0.002924 0.686075 0.727437
1667747613.779093 -0.259476 -3.528344 -0.018317 -0.009976 -0.001857 0.689425 0.724286
1667747614.879175 -0.212118 -3.326707 -0.030908 -0.009208 -0.004056 0.693121 0.720751
1667747615.886880 -0.181995 -3.146525 -0.050209 -0.005670 -0.004893 0.695925 0.718075
1667747616.887383 -0.190877 -2.984269 -0.063558 -0.005165 -0.003970 0.697413 0.716640
1667747617.983936 -0.143705 -2.802536 -0.078142 -0.006581 -0.003826 0.700603 0.713510
1667747619.080593 -0.131849 -2.630440 -0.076932 -0.006232 -0.003952 0.700739 0.713380
1667747620.177239 -0.116772 -2.467725 -0.064468 -0.003374 -0.004554 0.701262 0.712881
1667747621.275350 -0.093174 -2.303551 -0.064153 -0.005125 -0.001108 0.703394 0.710781
1667747622.284146 -0.095931 -2.160919 -0.059941 -0.001475 -0.008256 0.703530 0.710616
1667747623.286839 -0.089185 -2.029455 -0.057466 -0.002177 -0.007853 0.703060 0.711084
1667747624.383561 -0.104870 -1.873871 -0.046520 -0.006055 -0.004896 0.702031 0.712104
1667747625.480253 -0.094182 -1.725298 -0.041600 -0.007211 -0.007501 0.702783 0.711328
1667747626.576960 -0.100298 -1.567238 -0.045332 -0.006604 -0.006458 0.701752 0.712361
1667747627.673646 -0.088571 -1.413967 -0.039891 -0.006155 -0.008911 0.702218 0.711879
1667747628.674168 -0.077632 -1.276163 -0.030707 -0.001607 -0.008900 0.695887 0.718094
1667747629.675730 -0.068376 -1.154570 -0.037821 -0.003845 -0.008839 0.693515 0.720378
1667747630.873614 -0.040638 -0.978279 -0.041390 -0.000557 -0.008504 0.692447 0.721418
1667747631.876961 -0.031016 -0.837555 -0.030403 -0.001407 -0.005063 0.690847 0.722982
1667747632.878467 -0.014878 -0.701034 -0.018518 -0.001173 -0.004123 0.690480 0.723339
1667747634.077820 0.006691 -0.529314 -0.003665 -0.000982 -0.003116 0.690917 0.722927
1667747635.177220 0.015450 -0.376288 0.009924 0.000249 -0.000191 0.691510 0.722367
1667747636.276616 0.034303 -0.245028 0.024333 0.001959 0.001464 0.692205 0.721697
