1667747000.255476 0.000000 0.000000 0.000000 0.000000 0.000000 0.000000 1.000000
1667747002.587576 0.164984 0.019028 0.002320 -0.001190 -0.005841 -0.003158 0.999977
1667747003.653660 0.282061 0.025884 0.010322 -0.002491 -0.011940 -0.004055 0.999917
1667747004.753062 0.406610 0.030246 0.013440 -0.002247 -0.011016 -0.004965 0.999924
1667747005.852423 0.541686 0.046706 0.013810 0.000734 -0.011400 -0.006262 0.999915
1667747006.858564 0.665135 0.047236 0.012150 0.001706 -0.008480 -0.008354 0.999928
1667747007.859987 0.795777 0.064156 0.011686 0.000465 -0.008127 -0.009588 0.999921
1667747008.860691 0.921695 0.066602 0.013550 -0.002074 -0.009703 -0.009214 0.999908
1667747009.865040 1.047931 0.074249 0.015421 -0.001839 -0.008908 -0.009503 0.999914
1667747010.866123 1.181492 0.077971 0.017895 -0.001350 -0.009531 -0.010487 0.999899
1667747011.866414 1.312431 0.085677 0.018454 -0.001748 -0.009241 -0.011962 0.999884
1667747012.866711 1.448984 0.085170 0.025329 -0.001880 -0.009724 -0.011474 0.999885
1667747013.867016 1.582871 0.067178 0.031061 0.001098 -0.007396 -0.010906 0.999913
1667747014.867348 1.724385 0.049680 0.027513 0.000523 -0.013218 -0.010561 0.999857
1667747015.867646 1.837164 0.074134 0.039524 0.000490 -0.017287 -0.102446 0.994588
1667747016.867931 1.916177 0.072423 0.040706 0.000057 -0.014284 -0.170159 0.985313
1667747020.979250 1.944521 0.031838 0.043133 0.001935 -0.007981 -0.103969 0.994547
1667747023.089252 1.965660 0.006483 0.040127 0.002267 -0.007110 -0.048957 0.998773
1667747025.285383 2.144267 0.009790 0.036712 0.000482 -0.010495 -0.005838 0.999928
1667747026.285446 2.254707 0.009032 0.041654 -0.001470 -0.007904 0.003245 0.999962
1667747027.383483 2.379956 0.035789 0.042837 0.000876 -0.008280 0.021230 0.999740
1667747028.481524 2.526972 0.057004 0.033753 0.000823 -0.008385 0.029374 0.999533
1667747029.579577 2.676554 0.040749 0.032386 0.002215 -0.011030 0.042669 0.999026
1667747030.677645 2.813453 0.058594 0.041179 0.001847 -0.007856 0.051690 0.998631
1667747031.775702 2.928912 0.064057 0.030725 -0.000104 -0.008442 0.052180 0.998602
1667747032.873732 2.990199 0.111764 0.049512 -0.001116 -0.006918 -0.076760 0.997025
1667747033.971754 3.115970 0.105247 0.049953 -0.002412 -0.006501 -0.128621 0.991670
1667747035.976762 3.166158 0.101521 0.056842 -0.002427 -0.002793 -0.072922 0.997331
1667747039.249421 3.242294 0.082648 0.057528 -0.000909 -0.001318 -0.036260 0.999341
1667747041.250857 3.404018 0.041254 0.050844 0.004101 -0.009235 -0.036582 0.999280
1667747042.251567 3.511311 0.004578 0.046786 0.001643 -0.014769 -0.039978 0.999090
1667747044.252972 3.708327 -0.008220 0.041472 0.002866 -0.011586 -0.027132 0.999561
1667747045.253675 3.829179 -0.022892 0.038125 0.003768 -0.013546 -0.025848 0.999567
1667747046.254393 3.956620 -0.012445 0.036916 0.004314 -0.014442 -0.028120 0.999491
1667747047.255111 4.078999 -0.034639 0.036035 0.005734 -0.015292 -0.027116 0.999499
1667747048.255822 4.221637 -0.004771 0.044604 0.006240 -0.016719 -0.032446 0.999314
1667747049.257447 4.350758 -0.005877 0.067392 0.008183 -0.012973 -0.031714 0.999379
1667747051.281998 4.464018 -0.025365 0.073348 0.008161 -0.018692 -0.030870 0.999315
1667747053.477940 4.556196 -0.032503 0.068905 0.010114 -0.013770 -0.092575 0.995559
1667747054.575938 4.589306 -0.030430 0.069540 0.012200 -0.011640 -0.191138 0.981418
1667747055.577471 4.624320 -0.024262 0.070657 0.013783 -0.010427 -0.269759 0.962773
1667747056.586794 4.637455 -0.036383 0.058821 0.014490 -0.013484 -0.357154 0.933836
1667747057.593714 4.677144 -0.051095 0.069387 0.015417 -0.010469 -0.458579 0.888458
1667747058.691611 4.707231 -0.078754 0.064402 0.015356 -0.010742 -0.560661 0.827833
1667747059.796717 4.728713 -0.107259 0.059162 0.014724 -0.011846 -0.646176 0.762954
1667747060.890605 4.742700 -0.133940 0.057655 0.014190 -0.011206 -0.713011 0.700920
1667747061.951478 4.734559 -0.236821 0.054690 0.013350 -0.011550 -0.752546 0.658303
1667747062.979269 4.709276 -0.361059 0.050324 0.012172 -0.013725 -0.781213 0.623995
1667747064.073426 4.678855 -0.516758 0.037725 0.010650 -0.015151 -0.814735 0.579538
1667747065.167533 4.640474 -0.641505 0.049416 0.009538 -0.014058 -0.836240 0.548100
1667747066.267215 4.621126 -0.684717 0.078587 0.010035 -0.012453 -0.804573 0.593638
1667747067.270230 4.595211 -0.696710 0.103050 0.008786 -0.010512 -0.765160 0.643695
1667747069.276729 4.575169 -0.758020 0.088482 0.008296 -0.013710 -0.717164 0.696720
1667747070.372288 4.580657 -0.871439 0.064377 0.011946 -0.011880 -0.706322 0.707690
1667747071.467808 4.575376 -0.990375 0.058004 0.007812 -0.015240 -0.691707 0.721976
1667747073.482248 4.609987 -1.171260 0.057300 0.007105 -0.015560 -0.677211 0.735590
1667747074.483774 4.636868 -1.273196 0.058083 0.006484 -0.016463 -0.691512 0.722148
1667747075.486561 4.643006 -1.309180 0.055069 0.005958 -0.017407 -0.749299 0.661976
1667747076.586393 4.612226 -1.430501 0.045457 0.006739 -0.017625 -0.762218 0.647046
1667747078.783201 4.599311 -1.566874 0.060963 0.007832 -0.015308 -0.773041 0.634123
1667747079.881616 4.584543 -1.588541 0.068175 0.008967 -0.014373 -0.759904 0.649814
1667747084.088332 4.567682 -1.707517 0.066063 0.008122 -0.014807 -0.730274 0.682946
1667747087.262123 4.595061 -1.908682 0.059172 0.005932 -0.018139 -0.693538 0.720167
1667747088.359310 4.610626 -2.031263 0.062518 0.004832 -0.019369 -0.692287 0.721346
1667747089.360137 4.611917 -2.147301 0.059360 0.008306 -0.015694 -0.690597 0.723021
1667747090.361228 4.605999 -2.258983 0.064419 0.007494 -0.014616 -0.688113 0.725418
1667747091.459589 4.609684 -2.383110 0.064059 0.005261 -0.012425 -0.693142 0.720675
1667747092.557957 4.610278 -2.461339 0.067398 0.002607 -0.014489 -0.728571 0.684813
1667747093.656327 4.604532 -2.571284 0.067390 -0.001878 -0.018761 -0.728629 0.684650
1667747094.754708 4.595498 -2.701266 0.078711 0.000603 -0.015244 -0.727470 0.685970
1667747095.853117 4.570426 -2.851142 0.076136 0.001797 -0.013538 -0.727306 0.686177
1667747096.951518 4.572464 -2.986712 0.079279 0.003302 -0.016535 -0.727128 0.686295
1667747098.051647 4.561103 -3.122929 0.073751 0.004777 -0.017089 -0.726064 0.687398
1667747099.056250 4.561306 -3.224823 0.079951 0.006745 -0.016350 -0.725755 0.687726
1667747101.160993 4.534091 -3.375819 0.079680 0.006437 -0.016373 -0.685347 0.728004
1667747102.173722 4.555974 -3.480162 0.077824 0.005224 -0.017612 -0.676440 0.736268
1667747103.273137 4.587076 -3.618927 0.077160 0.008744 -0.016004 -0.673429 0.739027
1667747104.372551 4.607069 -3.763536 0.084819 0.009353 -0.018987 -0.671245 0.740933
1667747105.471958 4.626503 -3.873354 0.077723 0.008110 -0.020243 -0.714447 0.699349
1667747107.670781 4.627429 -4.109465 0.089244 0.011098 -0.017425 -0.724326 0.689148
1667747108.770174 4.601684 -4.267478 0.085071 0.011279 -0.018561 -0.722081 0.691468
1667747109.775749 4.606132 -4.406266 0.095260 0.008838 -0.017911 -0.722657 0.690918
1667747110.875476 4.601689 -4.541549 0.100656 0.010241 -0.012836 -0.710422 0.703584
1667747111.974136 4.613602 -4.679441 0.095851 0.009685 -0.015365 -0.703794 0.710172
1667747113.072803 4.620498 -4.833978 0.098418 0.010013 -0.019427 -0.702017 0.711825
1667747114.171454 4.622622 -4.989645 0.097038 0.008498 -0.019839 -0.701022 0.712813
1667747115.270072 4.623579 -5.149154 0.105231 0.008107 -0.019863 -0.700175 0.713649
1667747116.368740 4.604598 -5.295742 0.112333 0.007795 -0.021125 -0.698834 0.714929
1667747117.370909 4.599625 -5.436623 0.116776 0.006150 -0.018376 -0.697974 0.715861
1667747118.374290 4.608708 -5.572371 0.124193 0.009258 -0.017155 -0.698137 0.715699
1667747119.374326 4.617889 -5.728483 0.118067 0.008828 -0.018187 -0.699650 0.714200
1667747120.374342 4.626623 -5.870811 0.122696 0.007270 -0.017882 -0.700655 0.713239
1667747121.374356 4.640454 -6.017892 0.123362 0.008131 -0.018449 -0.699999 0.713859
1667747122.374371 4.661645 -6.168007 0.124384 0.009481 -0.018356 -0.700046 0.713799
1667747123.374399 4.668395 -6.310006 0.126444 0.009453 -0.018264 -0.699042 0.714785
1667747124.374450 4.696551 -6.434146 0.127000 0.004869 -0.022077 -0.699874 0.713908
1667747125.376314 4.722782 -6.576282 0.132820 0.008499 -0.017983 -0.700380 0.713493
1667747126.379062 4.740390 -6.720133 0.140890 0.010168 -0.019244 -0.699872 0.713936
1667747127.379795 4.757787 -6.851757 0.144275 0.009295 -0.018554 -0.701091 0.712770
1667747128.380520 4.783793 -6.983594 0.151375 0.003056 -0.016785 -0.704312 0.709685
1667747129.447960 4.798860 -7.123628 0.153024 0.000982 -0.015612 -0.719266 0.694559
1667747130.482044 4.821611 -7.264872 0.150736 0.005116 -0.016101 -0.721009 0.692720
1667747131.582860 4.825613 -7.421823 0.152845 0.009870 -0.014933 -0.723148 0.690461
1667747132.650298 4.838237 -7.578282 0.169003 0.010746 -0.013274 -0.725312 0.688208
1667747133.659481 4.843705 -7.721902 0.169779 0.003735 -0.017753 -0.726732 0.686682
1667747134.663394 4.848922 -7.872474 0.172187 0.006249 -0.016134 -0.726308 0.687152
1667747135.762796 4.829755 -8.039433 0.171387 0.004797 -0.018961 -0.725244 0.688214
1667747136.862196 4.822223 -8.167286 0.185860 0.005603 -0.016270 -0.705761 0.708241
1667747137.961571 4.802466 -8.322591 0.193912 0.006452 -0.016406 -0.699944 0.713980
1667747139.060993 4.779340 -8.472796 0.194637 0.006508 -0.016762 -0.695504 0.718297
1667747140.160436 4.794906 -8.618270 0.197619 0.005956 -0.019217 -0.693187 0.720477
1667747141.259904 4.830381 -8.774022 0.204381 0.009487 -0.017447 -0.693844 0.719851
1667747142.359388 4.858188 -8.925961 0.229801 0.011454 -0.011817 -0.694382 0.719419
1667747143.458804 4.893885 -9.069697 0.222933 0.012201 -0.012514 -0.727881 0.685481
1667747145.657619 4.903992 -9.287611 0.216815 0.010657 -0.011121 -0.726459 0.687037
1667747146.757020 4.942307 -9.426434 0.212590 0.006318 -0.012359 -0.708338 0.705737
1667747147.856418 4.947926 -9.585564 0.203745 0.004906 -0.017361 -0.705837 0.708144
1667747148.955778 4.946250 -9.743490 0.206172 0.007174 -0.016158 -0.705348 0.708641
1667747149.962563 4.928885 -9.894936 0.204355 0.007817 -0.014144 -0.704140 0.709877
1667747151.964253 4.924757 -10.022758 0.218110 0.007921 -0.015440 -0.708442 0.705555
1667747152.964969 4.968010 -10.055264 0.200997 0.005652 -0.015450 -0.772081 0.635311
1667747153.965687 4.964941 -10.068134 0.192198 0.005303 -0.014992 -0.830019 0.557509
1667747154.966418 4.951453 -10.085073 0.190287 -0.005896 0.014918 0.879053 -0.476454
1667747155.967135 4.930324 -10.111730 0.182613 -0.007777 0.013733 0.918939 -0.394083
1667747156.979758 4.918093 -10.137233 0.179539 -0.008262 0.013179 0.947093 -0.320582
1667747157.979952 4.895171 -10.144456 0.174360 -0.007726 0.012884 0.974047 -0.225847
1667747158.991134 4.860458 -10.157275 0.163096 -0.005423 0.012744 0.992998 -0.117317
1667747160.090171 4.828483 -10.203951 0.177563 -0.008361 0.011098 0.999075 -0.040702
1667747161.154865 4.775402 -10.229290 0.159052 -0.005118 0.008612 0.999610 0.026073
1667747162.186324 4.653961 -10.227604 0.145082 -0.008191 0.008201 0.997204 0.073829
1667747163.284375 4.498940 -10.216697 0.134459 -0.006613 0.010692 0.993045 0.117061
1667747164.382410 4.336568 -10.207449 0.105786 -0.004214 0.010904 0.987905 0.154620
1667747166.578533 4.305514 -10.178411 0.135246 -0.007867 0.009587 0.995753 0.091226
1667747169.872675 4.242351 -10.159137 0.140340 -0.007256 0.010300 0.999273 0.035993
1667747170.970687 4.132240 -10.155632 0.146180 -0.007052 0.010425 0.999700 0.020996
1667747172.068756 4.035452 -10.162580 0.164105 -0.005655 0.011258 0.999792 0.016045
1667747173.074469 3.922913 -10.158583 0.162935 -0.008878 0.013067 0.999852 0.006802
1667747174.174579 3.782026 -10.158070 0.166258 -0.005367 0.014880 0.999826 -0.009882
1667747175.181020 3.670127 -10.142138 0.164760 -0.004038 0.017856 0.999669 -0.018090
1667747176.181741 3.537110 -10.161060 0.155831 -0.008315 0.015267 0.999580 -0.023184
1667747177.182478 3.423528 -10.168411 0.157728 -0.007449 0.015340 0.999560 -0.024282
1667747178.249921 3.305985 -10.176178 0.147513 -0.010056 0.014508 0.999670 -0.018673
1667747180.251384 3.103851 -10.199117 0.146695 -0.011005 0.009325 0.999869 0.007355
1667747181.252113 2.972384 -10.203386 0.142783 -0.007262 0.007996 0.999933 0.004169
1667747182.252835 2.840602 -10.218138 0.139495 -0.006316 0.010878 0.999921 0.000233
1667747183.253550 2.693549 -10.220678 0.135716 -0.003813 0.011634 0.999918 -0.003736
1667747184.254255 2.559993 -10.226455 0.131080 -0.002427 0.016090 0.999847 -0.006370
1667747185.254972 2.416081 -10.241093 0.124220 -0.010142 0.011395 0.999852 -0.007901
1667747186.255695 2.267501 -10.239189 0.116785 -0.003446 0.010981 0.999828 -0.014573
1667747187.256421 2.176108 -10.264723 0.116457 -0.002939 0.010356 0.999197 0.038599
1667747188.257152 2.050704 -10.255743 0.113437 0.000769 0.013610 0.999163 0.038576
1667747189.257877 1.913029 -10.240249 0.113898 -0.000504 0.016641 0.999105 0.038874
1667747190.258612 1.772005 -10.232007 0.112882 -0.005022 0.013780 0.999010 0.042006
1667747191.259358 1.619877 -10.239827 0.107789 -0.001535 0.012756 0.998980 0.043284
1667747192.260062 1.484912 -10.230183 0.103615 0.003216 0.014042 0.998970 0.043032
1667747193.260793 1.352102 -10.214826 0.098840 -0.000087 0.015216 0.998980 0.042520
1667747194.261529 1.206338 -10.199795 0.095069 -0.001230 0.015746 0.998918 0.043736
1667747195.262274 1.059363 -10.211658 0.096022 -0.002742 0.015443 0.998807 0.046246
1667747196.263009 0.951830 -10.210451 0.096896 -0.001109 0.015016 0.999883 -0.002605
1667747197.263730 0.845586 -10.208468 0.101878 -0.001316 0.016224 0.999352 -0.032114
1667747198.264451 0.739106 -10.221682 0.113536 -0.001588 0.016409 0.999189 -0.036725
1667747199.265176 0.620676 -10.238583 0.106469 -0.002316 0.016965 0.999069 -0.039599
1667747201.266654 0.506978 -10.245075 0.100568 -0.001488 0.015813 0.999033 -0.041005
1667747203.268079 0.444772 -10.268434 0.106117 -0.001356 0.015412 0.999743 0.016546
1667747204.268777 0.400658 -10.279212 0.098464 0.000485 0.016203 0.994547 0.103018
1667747205.269480 0.372068 -10.265407 0.109041 -0.000707 0.016008 0.982912 0.183380
1667747206.270194 0.311192 -10.269392 0.098474 0.000760 0.014986 0.961785 0.273395
1667747207.270909 0.295436 -10.268945 0.106886 -0.002089 0.013864 0.934332 0.356127
1667747208.271616 0.295382 -10.244734 0.111690 -0.004166 0.013239 0.907019 0.420860
1667747209.272318 0.271730 -10.238086 0.083853 -0.003895 0.009161 0.865246 0.501249
1667747210.273029 0.230661 -10.233652 0.081870 -0.003404 0.010060 0.816125 0.577778
1667747211.275424 0.207881 -10.206775 0.082679 -0.004043 0.009114 0.764100 0.645021
1667747212.286893 0.239849 -10.180887 0.076457 -0.003327 0.009369 0.722982 0.690795
1667747214.485706 0.228439 -9.998665 0.097611 -0.008882 0.011175 0.639784 0.768422
1667747215.585120 0.242906 -9.900895 0.113104 -0.007883 0.009041 0.596055 0.802854
1667747216.684560 0.241659 -9.877097 0.105096 -0.006616 0.006966 0.627072 0.778902
1667747219.982839 0.247266 -9.745204 0.145995 -0.011172 0.006952 0.651652 0.758404
1667747221.082273 0.272180 -9.695952 0.134623 -0.011399 0.008964 0.699245 0.714735
1667747222.092971 0.274887 -9.681557 0.108447 -0.008344 0.008579 0.731445 0.681795
1667747223.192504 0.249533 -9.561879 0.087829 -0.003219 0.005723 0.738809 0.673882
1667747224.257274 0.242446 -9.452000 0.083951 -0.004683 0.008195 0.744035 0.668074
1667747226.453370 0.188295 -9.275317 0.083724 -0.002300 0.008389 0.726464 0.687150
1667747227.553874 0.196819 -9.218089 0.067269 -0.000549 0.005663 0.657672 0.753283
1667747229.657002 0.236954 -9.064150 0.097450 -0.004675 0.007215 0.649683 0.760157
1667747234.054663 0.200586 -8.877478 0.101349 -0.002572 0.003110 0.688496 0.725229
1667747236.253473 0.188930 -8.717875 0.133702 -0.008078 0.007623 0.693902 0.719984
1667747237.354037 0.175084 -8.570213 0.128099 -0.005672 0.005012 0.696122 0.717883
1667747239.360890 0.189295 -8.370397 0.135223 -0.005232 0.001832 0.701645 0.712505
1667747240.361605 0.211164 -8.244544 0.153725 -0.010283 0.003021 0.704042 0.710077
1667747241.362302 0.224400 -8.104683 0.142097 -0.009257 0.003632 0.707816 0.706327
1667747242.363007 0.215567 -7.986181 0.136112 -0.008149 0.002340 0.710312 0.703835
1667747243.363712 0.183103 -7.869414 0.144924 -0.006486 0.000549 0.711846 0.702305
1667747244.364421 0.157795 -7.756099 0.141638 -0.001852 -0.002975 0.712100 0.702069
1667747245.365155 0.131609 -7.616957 0.133779 -0.005298 -0.001453 0.713506 0.700627
1667747246.365871 0.113987 -7.484951 0.129088 -0.009554 0.001714 0.715058 0.698998
1667747247.366576 0.106301 -7.355253 0.134423 -0.010325 0.002104 0.716606 0.697399
1667747248.367293 0.084376 -7.223468 0.130918 -0.013366 0.004398 0.717198 0.696727
1667747249.368006 0.083423 -7.094346 0.120557 -0.010760 0.003178 0.709183 0.704936
1667747250.368749 0.090508 -6.955783 0.119816 -0.011483 0.003020 0.709909 0.704194
1667747251.369494 0.077659 -6.813441 0.120425 -0.013764 0.005121 0.698531 0.715429
1667747252.370231 0.062715 -6.700747 0.123640 -0.009833 0.001530 0.677750 0.735225
1667747253.370980 0.043235 -6.581351 0.121996 -0.007822 -0.000170 0.676525 0.736378
1667747254.371717 0.052361 -6.433207 0.120141 -0.008049 0.000647 0.677232 0.735725
1667747255.372454 0.068997 -6.295461 0.116962 -0.007179 0.001483 0.678156 0.734882
1667747256.373191 0.066061 -6.156392 0.113430 -0.009342 0.003677 0.677971 0.735020
1667747257.373913 0.039069 -6.018633 0.111182 -0.008689 0.001771 0.677303 0.735651
1667747258.374632 0.050779 -5.897564 0.108832 -0.009287 0.002432 0.693769 0.720133
1667747259.375360 0.055740 -5.813706 0.101826 -0.008565 0.002467 0.735359 0.677620
1667747260.376078 0.021988 -5.714043 0.095999 -0.009586 0.000358 0.739185 0.673434
1667747261.376803 0.018852 -5.611616 0.095764 -0.007835 -0.000607 0.741597 0.670800
1667747263.478312 0.015306 -5.399501 0.092228 -0.008306 0.004005 0.732352 0.680863
1667747264.479028 -0.006140 -5.294763 0.079052 -0.009709 0.004748 0.731100 0.682185
1667747265.479757 -0.039410 -5.155600 0.084442 -0.007780 -0.000715 0.728015 0.685517
1667747266.480526 -0.041138 -5.103853 0.091810 -0.008707 -0.000502 0.653719 0.756687
1667747267.481261 -0.040500 -5.040786 0.082626 -0.008033 -0.002876 0.600656 0.799462
1667747269.485447 -0.013050 -4.902315 0.085450 -0.004124 -0.003496 0.596763 0.802400
1667747275.967376 -0.004249 -4.819451 0.091349 -0.006071 -0.003157 0.635971 0.771682
1667747279.261416 -0.025491 -4.688841 0.097413 -0.009588 0.004614 0.690341 0.723406
1667747281.457556 -0.046835 -4.513444 0.086945 -0.012988 0.003027 0.697774 0.716194
1667747282.555655 -0.049015 -4.390221 0.075784 -0.010382 0.001583 0.701017 0.713068
1667747283.556331 -0.036981 -4.280809 0.072702 -0.010005 0.003793 0.702934 0.711174
1667747284.564417 -0.051016 -4.145002 0.076710 -0.009925 0.004785 0.704066 0.710049
1667747285.663159 -0.064339 -4.017406 0.078442 -0.006982 0.000812 0.704645 0.709525
1667747286.665976 -0.082550 -3.891461 0.083727 -0.006886 0.001192 0.706503 0.707676
1667747287.666249 -0.080042 -3.760102 0.077915 -0.008804 0.003212 0.708026 0.706124
1667747288.670273 -0.069059 -3.635034 0.078229 -0.010352 0.004689 0.710053 0.704057
1667747289.769712 -0.050174 -3.482653 0.075514 -0.009203 0.005064 0.712957 0.701129
1667747290.802495 -0.064136 -3.351744 0.051640 -0.008188 0.002622 0.713830 0.700266
1667747291.901921 -0.052487 -3.183329 0.057795 -0.007204 0.003133 0.716218 0.697832
1667747293.034672 -0.039142 -3.017384 0.052311 -0.006903 0.002648 0.719852 0.694088
1667747294.067472 -0.049887 -2.908690 0.063570 -0.010182 0.004592 0.713769 0.700292
1667747295.100260 -0.046721 -2.778652 0.045611 -0.007194 0.001824 0.715037 0.699047
1667747296.166372 -0.070337 -2.631742 0.058580 -0.007634 0.003183 0.716200 0.697846
1667747297.265785 -0.090486 -2.493555 0.057799 -0.003890 0.001181 0.716569 0.697505
1667747298.365188 -0.106582 -2.375221 0.050586 -0.007113 0.002037 0.682138 0.731186
1667747299.465327 -0.081616 -2.261067 0.049866 -0.005188 0.004172 0.675313 0.737501
1667747300.471744 -0.093050 -2.128467 0.051549 -0.004842 -0.001969 0.673108 0.739526
1667747301.472490 -0.095427 -2.003238 0.053462 -0.006186 -0.001235 0.672709 0.739880
1667747302.473215 -0.065752 -1.867079 0.054308 -0.006296 -0.000876 0.672790 0.739806
1667747303.473935 -0.064810 -1.723107 0.054909 -0.007960 -0.002183 0.670911 0.741492
1667747304.574728 -0.057220 -1.572289 0.052261 -0.008305 -0.000797 0.670153 0.742176
1667747305.575458 -0.051237 -1.428575 0.025667 -0.004002 -0.006043 0.669067 0.743166
1667747306.576174 -0.042207 -1.317228 0.040647 -0.003386 -0.004963 0.677784 0.735236
1667747308.577604 -0.028433 -1.104689 0.038377 -0.005933 -0.000343 0.712095 0.702058
1667747309.578317 -0.009783 -0.962924 0.031650 -0.002353 -0.001742 0.715044 0.699073
1667747310.579052 -0.021105 -0.832703 0.041538 -0.003581 0.002435 0.715248 0.698857
1667747311.579792 -0.014888 -0.703171 0.050895 -0.004193 0.004336 0.716905 0.697145
1667747312.647223 -0.009199 -0.579774 0.048524 -0.003712 0.003531 0.690205 0.723596
1667747313.681316 0.009576 -0.456480 0.033898 0.002365 -0.000561 0.687768 0.725927
1667747314.682051 0.016416 -0.319669 0.026856 0.001266 0.001320 0.688363 0.725364
1667747315.682756 0.026889 -0.207752 0.025077 0.005154 -0.000407 0.688396 0.725317
1667747317.763110 0.034733 -0.105728 0.020275 0.003598 0.000479 0.616574 0.787289
1667747318.862494 0.016360 -0.033708 0.015696 0.001524 0.000031 0.528858 0.848709
1667747319.961879 0.026087 -0.014430 0.034178 0.003509 0.000789 0.454408 0.890786
1667747321.061273 0.037047 0.042438 0.011449 0.001632 0.000906 0.353733 0.935345
1667747322.160664 0.028293 0.055635 0.010007 -0.000881 0.002117 0.253812 0.967251
1667747323.166514 0.029913 0.073654 0.008716 -0.001888 0.001627 0.143250 0.989683
1667747324.168441 0.057395 0.059520 0.000671 -0.001235 -0.001093 0.056990 0.998373
1667747326.365126 0.230373 0.074725 0.001405 -0.002370 -0.008990 -0.026576 0.999604
1667747327.463539 0.361810 0.063766 0.004087 -0.001786 -0.013781 -0.068698 0.997541
1667747328.561940 0.509754 0.055811 0.007520 -0.000983 -0.011631 -0.096534 0.995261
1667747329.660364 0.646054 0.037615 0.006766 0.002279 -0.011172 -0.124946 0.992098
1667747330.758779 0.694575 0.020285 0.003510 0.001639 -0.010695 -0.071793 0.997361
1667747332.769775 0.822978 0.032400 0.009051 0.000373 -0.009021 -0.022343 0.999710
1667747334.871708 1.033217 0.051654 0.012555 -0.002180 -0.007926 -0.008694 0.999928
1667747335.970096 1.171138 0.061408 0.021621 -0.001510 -0.007461 0.000848 0.999971
1667747337.068485 1.302460 0.069266 0.020579 -0.002050 -0.008896 0.015021 0.999846
1667747338.166880 1.429586 0.069182 0.025210 -0.002219 -0.008878 0.023551 0.999681
1667747339.168833 1.541054 0.068703 0.030845 0.000411 -0.005848 0.034491 0.999388
1667747341.269575 1.724303 0.061821 0.026034 -0.000024 -0.014520 0.006333 0.999875
1667747342.274182 1.856359 0.048176 0.024466 0.001157 -0.016496 0.008599 0.999826
1667747343.275535 1.985541 0.061449 0.025939 0.001259 -0.007193 0.010732 0.999916
1667747344.374117 2.101667 0.079322 0.033255 0.001668 -0.008614 -0.042742 0.999048
1667747345.472677 2.254251 0.081154 0.033894 0.000754 -0.008513 -0.043658 0.999010
1667747346.571235 2.408233 0.099711 0.027606 0.000218 -0.011241 -0.043500 0.998990
1667747347.576504 2.565364 0.117855 0.036773 0.000864 -0.009381 -0.045676 0.998912
1667747348.582081 2.711978 0.089241 0.038148 0.001676 -0.012753 -0.041178 0.999069
1667747349.681946 2.857545 0.080940 0.029028 0.000605 -0.010216 -0.046887 0.998848
1667747350.781139 3.018754 0.071255 0.053041 -0.001573 -0.007246 -0.047617 0.998838
1667747351.880340 3.197641 0.052962 0.049113 -0.001046 -0.002300 -0.045029 0.998982
1667747352.979564 3.345180 0.032635 0.045574 0.002259 -0.003587 -0.043632 0.999039
1667747354.078789 3.468776 -0.012173 0.039925 0.002701 -0.014560 -0.034585 0.999292
1667747355.178005 3.587409 -0.046735 0.035765 0.002126 -0.014780 -0.032747 0.999352
1667747356.277177 3.733757 -0.027947 0.038254 0.002898 -0.010600 -0.023803 0.999656
1667747357.376356 3.889720 -0.036724 0.032764 0.005534 -0.016060 -0.022319 0.999607
1667747358.386362 4.029207 -0.039510 0.036813 0.006321 -0.015566 -0.021992 0.999617
1667747359.391636 4.167945 -0.034765 0.050041 0.007171 -0.019337 -0.021712 0.999552
1667747360.393935 4.319106 -0.015292 0.062310 0.009053 -0.013673 -0.023503 0.999589
1667747361.394753 4.424852 -0.032118 0.069786 0.008294 -0.016702 -0.020473 0.999617
1667747363.660834 4.565462 -0.044825 0.067189 0.011555 -0.013922 -0.145664 0.989169
1667747364.760075 4.615589 -0.038186 0.069995 0.013246 -0.009853 -0.270370 0.962615
1667747365.858873 4.631578 -0.055412 0.066861 0.014824 -0.011052 -0.378188 0.925544
1667747366.957675 4.677716 -0.074664 0.066094 0.015029 -0.011665 -0.494016 0.869245
1667747368.056487 4.708885 -0.114922 0.056047 0.014107 -0.012992 -0.599883 0.799858
1667747369.155302 4.728604 -0.149030 0.057510 0.014103 -0.010467 -0.702351 0.711614
1667747371.165171 4.717124 -0.246880 0.055132 0.012868 -0.012279 -0.764035 0.644930
1667747372.262665 4.690947 -0.373301 0.052368 0.014283 -0.012899 -0.796455 0.604392
1667747373.360055 4.682770 -0.403293 0.053498 0.014278 -0.014301 -0.761748 0.647559
1667747374.363083 4.672940 -0.403598 0.058917 0.014238 -0.013720 -0.726087 0.687318
1667747376.467926 4.669086 -0.535390 0.063084 0.011171 -0.013152 -0.717494 0.696351
1667747377.468316 4.672977 -0.652415 0.063206 0.007889 -0.013664 -0.715866 0.698060
1667747378.567270 4.665247 -0.794033 0.063735 0.005405 -0.013809 -0.710398 0.703644
1667747379.666220 4.660462 -0.928452 0.063176 0.010022 -0.012267 -0.704773 0.709256
1667747380.765147 4.665086 -1.037720 0.057318 0.009256 -0.015453 -0.697598 0.716263
1667747381.864129 4.709993 -1.102727 0.057492 0.009410 -0.015693 -0.757788 0.652245
1667747382.963121 4.692166 -1.175984 0.055039 0.009934 -0.014868 -0.789964 0.612892
1667747384.062098 4.650348 -1.296906 0.053734 0.007724 -0.017896 -0.807344 0.589759
1667747386.161974 4.613583 -1.400736 0.053781 0.006469 -0.016892 -0.790083 0.612733
1667747389.167545 4.589726 -1.498081 0.060595 0.007848 -0.016352 -0.757473 0.652615
1667747391.183099 4.567136 -1.655481 0.054986 0.006870 -0.015601 -0.715268 0.698642
1667747392.183132 4.551428 -1.692127 0.056916 0.006615 -0.015835 -0.641150 0.767224
1667747393.184780 4.593353 -1.795934 0.052565 0.005536 -0.017486 -0.625881 0.779703
1667747398.680286 4.646354 -1.934591 0.055894 0.004181 -0.018262 -0.638746 0.769189
1667747399.779414 4.663705 -1.953110 0.057306 0.004016 -0.019275 -0.695071 0.718671
1667747401.977640 4.659124 -2.170769 0.059951 0.008755 -0.013998 -0.710730 0.703271
1667747403.176696 4.646554 -2.303758 0.069015 0.008547 -0.012365 -0.726903 0.686575
1667747404.275806 4.633008 -2.441541 0.067896 0.003675 -0.014778 -0.733820 0.679174
1667747405.374918 4.616976 -2.565632 0.070315 0.000302 -0.017385 -0.748743 0.662632
1667747406.376750 4.603093 -2.684722 0.081167 0.000028 -0.015066 -0.752684 0.658210
1667747407.381320 4.583600 -2.789509 0.077546 0.003955 -0.012625 -0.750931 0.660249
1667747409.484017 4.578230 -2.963049 0.074060 0.001435 -0.017263 -0.727397 0.685998
1667747410.551457 4.560246 -3.112547 0.075870 0.005891 -0.015030 -0.729072 0.684247
1667747411.552165 4.554620 -3.237255 0.076849 0.006143 -0.017184 -0.729867 0.683345
1667747413.553591 4.553818 -3.427108 0.072176 0.004265 -0.017774 -0.694968 0.718808
1667747414.554307 4.569530 -3.553741 0.070626 0.005840 -0.017197 -0.694477 0.719286
1667747415.561176 4.577527 -3.685511 0.077045 0.007999 -0.018162 -0.695854 0.717909
1667747416.567733 4.591952 -3.828060 0.077536 0.008222 -0.020475 -0.696742 0.716982
1667747417.667133 4.606483 -3.971792 0.088003 0.009578 -0.019668 -0.697293 0.716453
1667747418.766534 4.605436 -4.116062 0.094245 0.011059 -0.018069 -0.698687 0.715114
1667747419.865955 4.609267 -4.293425 0.084873 0.010530 -0.018189 -0.700280 0.713559
1667747420.965375 4.610757 -4.440689 0.093167 0.010142 -0.015639 -0.702632 0.711310
1667747422.064833 4.619949 -4.600668 0.098939 0.011026 -0.011625 -0.704683 0.709342
1667747423.075581 4.633612 -4.745126 0.097777 0.010859 -0.017053 -0.703666 0.710243
1667747424.174894 4.635902 -4.900480 0.101783 0.011373 -0.019475 -0.702646 0.711182
1667747425.273800 4.632409 -5.055798 0.105492 0.009140 -0.019391 -0.704096 0.709781
1667747426.283802 4.627299 -5.195194 0.109477 0.008063 -0.019357 -0.704497 0.709397
1667747427.380468 4.601720 -5.345916 0.111938 0.007436 -0.019357 -0.704686 0.709216
1667747428.477153 4.613358 -5.502413 0.121198 0.008554 -0.016928 -0.705945 0.708013
1667747429.573849 4.622216 -5.677507 0.112652 0.008316 -0.018129 -0.706319 0.707613
1667747430.670559 4.630811 -5.841831 0.121809 0.008094 -0.018166 -0.708404 0.705527
1667747431.704232 4.642088 -5.978176 0.122848 0.007690 -0.017609 -0.710384 0.703552
1667747432.772450 4.658011 -6.150345 0.125223 0.008725 -0.017984 -0.713165 0.700711
1667747433.870551 4.659618 -6.302506 0.132946 0.010245 -0.016778 -0.714797 0.699055
1667747434.968652 4.692456 -6.447077 0.127251 0.004795 -0.022957 -0.719878 0.693704
1667747436.066721 4.698503 -6.598835 0.137780 0.008999 -0.017956 -0.721435 0.692191
1667747437.164759 4.723233 -6.753331 0.140689 0.009818 -0.019062 -0.725681 0.687697
1667747438.263252 4.751613 -6.907497 0.145588 0.002597 -0.017699 -0.731118 0.682017
1667747439.268301 4.743612 -7.020616 0.148995 0.000682 -0.015403 -0.719118 0.694717
1667747440.367971 4.746912 -7.173031 0.148369 0.005072 -0.015734 -0.716222 0.697676
1667747441.368737 4.770446 -7.312201 0.150686 0.009298 -0.017224 -0.716189 0.697632
1667747442.374635 4.768750 -7.446397 0.159146 0.009328 -0.017316 -0.716006 0.697817
1667747443.375354 4.773247 -7.593831 0.166933 0.008365 -0.014384 -0.716094 0.697806
1667747444.377194 4.784864 -7.713987 0.165510 0.002098 -0.018281 -0.692634 0.721055
1667747445.386791 4.808948 -7.863787 0.166280 0.005305 -0.016294 -0.690440 0.723186
1667747446.486456 4.801954 -8.018130 0.169929 0.005252 -0.017270 -0.686852 0.726573
1667747447.586118 4.816311 -8.177220 0.179882 0.004732 -0.017124 -0.687292 0.726164
1667747448.685767 4.808769 -8.331999 0.193822 0.006165 -0.016103 -0.684247 0.729047
1667747449.785431 4.782774 -8.496084 0.192096 0.008025 -0.017299 -0.681681 0.731401
1667747450.851786 4.794677 -8.623526 0.196118 0.006759 -0.019483 -0.685693 0.727599
1667747451.884819 4.823173 -8.731716 0.204022 0.009033 -0.017305 -0.725098 0.688369
1667747452.984482 4.915626 -8.763605 0.196035 0.007154 -0.018297 -0.821172 0.570343
1667747454.084164 4.918235 -8.805638 0.196531 -0.009682 0.015398 0.874255 -0.485125
1667747458.549552 4.903484 -8.830332 0.206037 0.008165 -0.016283 -0.837277 0.546476
1667747463.767425 4.869168 -8.923576 0.215489 0.008597 -0.014945 -0.796040 0.604999
1667747470.363973 4.841088 -9.026383 0.218003 0.009478 -0.015121 -0.758850 0.651021
1667747471.463421 4.798212 -9.021296 0.227385 0.011127 -0.014739 -0.722301 0.691333
1667747474.761727 4.821748 -9.161408 0.216602 0.009617 -0.015928 -0.726952 0.686436
1667747476.960522 4.819533 -9.259668 0.217960 0.007360 -0.016142 -0.684123 0.729151
1667747477.964593 4.845995 -9.367436 0.204262 0.006800 -0.015187 -0.674245 0.738320
1667747478.967741 4.862379 -9.473775 0.212912 0.006260 -0.012047 -0.671120 0.741224
1667747479.968463 4.861936 -9.595320 0.201923 0.007420 -0.013314 -0.665233 0.746480
1667747480.969193 4.879135 -9.696183 0.203288 0.007160 -0.017242 -0.657897 0.752877
1667747482.970601 4.912322 -9.914318 0.211460 0.005703 -0.014303 -0.649750 0.759992
1667747483.971310 4.936813 -10.014263 0.217646 0.006516 -0.014822 -0.641305 0.767115
1667747488.974906 4.919732 -9.978689 0.204611 0.005536 -0.015482 -0.694386 0.719415
1667747489.975640 4.940432 -9.974550 0.197918 0.004650 -0.015462 -0.730497 0.682725
1667747490.976366 4.950186 -9.980456 0.198634 0.004745 -0.015236 -0.775672 0.630934
1667747492.977813 4.973024 -9.972052 0.191836 0.004718 -0.015774 -0.833781 0.551849
1667747493.978550 4.964795 -9.977685 0.171282 -0.003618 0.017085 0.878865 -0.476751
1667747494.979294 4.964820 -9.986927 0.178270 -0.005430 0.016488 0.918568 -0.394882
1667747495.980022 4.961135 -9.997094 0.177777 -0.005679 0.016097 0.948003 -0.317804
1667747497.981478 4.886097 -10.029078 0.171239 -0.007654 0.013987 0.965567 -0.259667
1667747499.082268 4.777239 -10.091434 0.170476 -0.010170 0.013896 0.981758 -0.189356
1667747500.082987 4.679201 -10.139086 0.159238 -0.009393 0.011890 0.991667 -0.127933
1667747501.150410 4.601539 -10.164332 0.163564 -0.009691 0.009943 0.999614 -0.024073
1667747502.151134 4.477223 -10.176477 0.153050 -0.008623 0.010831 0.999898 -0.003506
1667747503.151875 4.347956 -10.217420 0.141484 -0.006892 0.009237 0.999830 0.014415
1667747504.162224 4.216671 -10.214002 0.141070 -0.007242 0.008610 0.999641 0.024321
1667747505.164954 4.099479 -10.218853 0.149948 -0.005848 0.008780 0.999195 0.038703
1667747506.264332 3.981359 -10.216610 0.157128 -0.005838 0.009915 0.998225 0.058440
1667747507.363707 3.829105 -10.195473 0.164544 -0.009943 0.012865 0.997417 0.069962
1667747508.463132 3.697065 -10.185641 0.166771 -0.002072 0.015596 0.996443 0.082787
1667747509.564141 3.658806 -10.158253 0.169242 -0.006971 0.017620 0.999697 -0.015710
1667747511.672587 3.516435 -10.170757 0.151233 -0.005701 0.015832 0.999300 -0.033406
1667747513.868678 3.373426 -10.182874 0.153835 -0.009163 0.014786 0.999845 -0.002860
1667747514.900149 3.259385 -10.196108 0.150128 -0.010017 0.013635 0.999831 0.007191
1667747515.964960 3.118605 -10.199205 0.144525 -0.010968 0.010361 0.999635 0.022412
1667747517.062995 2.985061 -10.204972 0.138556 -0.007476 0.008542 0.999308 0.035411
1667747518.160987 2.846732 -10.214694 0.132541 -0.005437 0.011123 0.998929 0.044574
1667747519.259040 2.704845 -10.197775 0.128077 -0.004763 0.011792 0.998741 0.048525
1667747520.263595 2.569266 -10.194646 0.117139 -0.001091 0.014407 0.998561 0.051653
1667747521.264022 2.441745 -10.197423 0.118587 -0.005362 0.011118 0.997752 0.065864
1667747522.363461 2.297656 -10.179642 0.116528 -0.008575 0.009616 0.996665 0.080581
1667747524.462328 2.130240 -10.174522 0.118520 -0.003800 0.010815 0.999334 0.034635
1667747525.562624 1.988647 -10.162364 0.109507 -0.000446 0.015310 0.999254 0.035454
1667747527.569620 1.779552 -10.148363 0.107130 -0.003710 0.014880 0.999864 -0.006036
1667747528.570330 1.642803 -10.156996 0.105727 -0.004346 0.012106 0.999913 -0.002835
1667747529.571030 1.504400 -10.166924 0.101628 0.000212 0.011715 0.999930 -0.001717
1667747530.571754 1.371194 -10.172732 0.095412 -0.000815 0.014744 0.999886 -0.003060
1667747531.572455 1.228733 -10.159795 0.096236 -0.001495 0.017047 0.999850 -0.002597
1667747532.573174 1.088738 -10.183358 0.099357 -0.002676 0.015361 0.999878 -0.000092
1667747533.574928 0.936443 -10.193327 0.099096 -0.002695 0.015345 0.999879 0.000434
1667747534.587085 0.795179 -10.206401 0.103479 -0.001137 0.016953 0.999855 0.001139
1667747535.686483 0.634422 -10.218712 0.101235 -0.000175 0.016843 0.999858 0.001081
1667747536.785879 0.486603 -10.230494 0.100258 -0.001880 0.015814 0.999872 -0.001492
1667747538.984728 0.433981 -10.219588 0.094757 -0.000272 0.016879 0.998003 0.060873
1667747539.989585 0.389938 -10.220225 0.095672 -0.001014 0.016488 0.991071 0.132305
1667747541.095623 0.359394 -10.216388 0.092054 -0.000123 0.015746 0.974452 0.224044
1667747542.193640 0.331939 -10.214972 0.106291 -0.003232 0.014350 0.946074 0.323617
1667747543.258404 0.314630 -10.202544 0.098794 -0.003817 0.012346 0.905160 0.424874
1667747544.289887 0.282888 -10.199512 0.091672 -0.003988 0.010390 0.843884 0.536410
1667747545.387918 0.246184 -10.178638 0.085532 -0.004326 0.009297 0.764917 0.644047
1667747546.485984 0.275378 -10.138233 0.088988 -0.005082 0.009882 0.731635 0.681606
1667747548.648808 0.254235 -9.863964 0.125873 -0.007119 0.008699 0.660953 0.750343
1667747551.852246 0.289424 -9.710144 0.103622 -0.008471 0.006704 0.683834 0.729558
1667747552.854078 0.291064 -9.606822 0.092564 -0.005722 0.007012 0.689891 0.723857
1667747554.960632 0.261512 -9.442616 0.088292 -0.005165 0.006725 0.714522 0.699562
1667747555.961073 0.227269 -9.331267 0.087684 -0.002957 0.005863 0.717413 0.696618
1667747556.965190 0.252911 -9.187377 0.086337 -0.003401 0.007576 0.723975 0.689777
1667747558.064720 0.225338 -9.042004 0.098480 -0.003033 0.005796 0.728338 0.685187
1667747559.164250 0.197279 -8.908552 0.100407 -0.002979 0.003241 0.730315 0.683097
1667747560.263792 0.194636 -8.781370 0.123840 -0.006379 0.008167 0.732393 0.680804
1667747561.296705 0.130362 -8.733955 0.143687 -0.008802 0.006800 0.672594 0.739928
1667747562.362935 0.171141 -8.648879 0.120878 -0.005297 0.002889 0.610442 0.792038
1667747563.462488 0.236232 -8.589225 0.132258 -0.005840 0.002337 0.542608 0.839963
1667747566.761082 0.224128 -8.536342 0.121672 -0.004949 0.000801 0.607455 0.794338
1667747571.979337 0.249166 -8.413399 0.134454 -0.004697 0.000676 0.680806 0.732449
1667747573.990734 0.274176 -8.265919 0.143779 -0.007142 0.000206 0.687199 0.726434
1667747576.186706 0.277112 -8.095659 0.142794 -0.009525 0.003706 0.692402 0.721439
1667747577.284723 0.273963 -7.987691 0.131601 -0.007183 0.001806 0.696503 0.717516
1667747579.388074 0.231728 -7.805658 0.140579 -0.003306 -0.002143 0.696898 0.717160
1667747581.487801 0.195901 -7.628546 0.134169 -0.003693 -0.003167 0.698192 0.715894
1667747582.584452 0.196223 -7.502396 0.130822 -0.008521 0.000797 0.699846 0.714243
1667747583.681130 0.178080 -7.382937 0.133901 -0.009414 0.001409 0.700773 0.713320
1667747584.777776 0.176586 -7.255973 0.129272 -0.011175 0.004649 0.702592 0.711490
1667747585.786433 0.184465 -7.122456 0.120123 -0.010887 0.005712 0.705485 0.708619
1667747586.790134 0.170959 -7.000367 0.115649 -0.009451 0.002534 0.706297 0.707848
1667747587.854020 0.167605 -6.867315 0.115486 -0.010005 0.002784 0.707911 0.706226
1667747588.884439 0.153495 -6.743614 0.118018 -0.011273 0.002239 0.709155 0.704959
1667747589.988640 0.145961 -6.610698 0.117347 -0.009017 0.002317 0.709420 0.704724
1667747591.088935 0.124512 -6.471085 0.119271 -0.009155 0.001932 0.710086 0.704053
1667747592.097423 0.139083 -6.349394 0.117210 -0.008204 0.001959 0.712753 0.701365
1667747593.194078 0.111785 -6.211411 0.110329 -0.008374 0.003687 0.712615 0.701495
1667747594.290754 0.074023 -6.076734 0.112416 -0.008916 0.003297 0.712674 0.701431
1667747595.357253 0.066811 -5.940768 0.106006 -0.008097 0.001857 0.714106 0.699988
1667747596.359172 0.058528 -5.809406 0.104370 -0.009039 0.002667 0.715166 0.698891
1667747597.362271 0.026779 -5.678728 0.097639 -0.008605 -0.001500 0.716452 0.697582
1667747598.367827 0.036858 -5.549679 0.093644 -0.007345 -0.000117 0.718608 0.695377
1667747599.464438 0.038852 -5.416232 0.081880 -0.007853 0.002484 0.695700 0.718285
1667747600.561155 0.033342 -5.293246 0.081466 -0.009975 0.003636 0.685593 0.727908
1667747601.562529 0.034950 -5.152018 0.088911 -0.007133 -0.001340 0.684463 0.729012
1667747602.563252 0.019327 -5.013154 0.071551 -0.008955 -0.001146 0.683656 0.729749
1667747603.661286 -0.010932 -4.868643 0.080318 -0.004165 -0.002990 0.682286 0.731068
1667747604.759368 -0.034433 -4.726319 0.084773 -0.008457 0.002657 0.682065 0.731238
1667747605.857410 -0.056434 -4.574578 0.088426 -0.010601 -0.000582 0.679621 0.733486
1667747606.866275 -0.070585 -4.421847 0.077820 -0.009761 -0.000125 0.678112 0.734893
1667747607.871743 -0.030429 -4.280319 0.078253 -0.009629 0.002791 0.679498 0.733609
1667747608.970774 -0.034871 -4.134513 0.072264 -0.009516 0.003800 0.697348 0.716659
1667747610.068809 -0.047231 -3.984793 0.080142 -0.006172 -0.000014 0.698612 0.715474
1667747611.166864 -0.084197 -3.818531 0.081432 -0.008649 0.002760 0.696732 0.717274
1667747612.267379 -0.059556 -3.660478 0.075420 -0.008952 0.003751 0.697417 0.716600
1667747613.276844 -0.044434 -3.500391 0.070606 -0.009264 0.003866 0.698575 0.715466
1667747614.280269 -0.042659 -3.349860 0.059250 -0.009065 0.003780 0.699471 0.714593
1667747615.280437 -0.033996 -3.194641 0.050605 -0.005993 0.000858 0.699245 0.714857
1667747616.289212 -0.023949 -3.047136 0.061403 -0.008874 0.003553 0.701000 0.713097
1667747617.385842 -0.012063 -2.880664 0.057992 -0.007732 0.002928 0.702572 0.711564
1667747618.482500 -0.013725 -2.728162 0.063592 -0.008917 0.004346 0.702523 0.711592
1667747619.579156 -0.024255 -2.559284 0.058252 -0.007634 0.003666 0.702576 0.711558
1667747620.675802 -0.028574 -2.393548 0.044878 -0.005907 0.001978 0.702501 0.711656
1667747621.679044 -0.023440 -2.253881 0.049870 -0.006194 0.003409 0.703519 0.710642
1667747622.685360 -0.055185 -2.116240 0.051727 -0.002183 -0.003090 0.702118 0.712051
1667747623.785393 -0.045156 -1.964781 0.053457 -0.008096 0.000894 0.701863 0.712265
1667747624.882063 -0.058898 -1.806837 0.036914 -0.006301 -0.002118 0.702525 0.711628
1667747625.978719 -0.078546 -1.642070 0.041058 -0.007746 -0.002427 0.700892 0.713221
1667747627.075392 -0.074207 -1.490513 0.041729 -0.007857 -0.002102 0.701121 0.712996
1667747628.172109 -0.072081 -1.334058 0.044032 -0.005324 -0.004368 0.700963 0.713164
1667747629.176530 -0.047101 -1.221295 0.050142 -0.003334 -0.002510 0.693465 0.720479
1667747630.274648 -0.037841 -1.068109 0.040594 -0.004061 -0.001152 0.692207 0.721687
1667747631.374117 -0.022615 -0.912976 0.042023 -0.003893 0.000941 0.690726 0.723105
1667747632.378707 -0.005023 -0.772338 0.048171 -0.003597 0.002149 0.690067 0.723733
1667747633.478163 0.012825 -0.615575 0.037424 -0.003539 0.003301 0.690533 0.723285
1667747634.577576 0.011592 -0.464744 0.042325 -0.001075 0.000964 0.691159 0.722701
1667747635.676975 0.024214 -0.315750 0.032307 0.000585 0.001027 0.691888 0.722004
1667747637.780167 0.032773 -0.185296 0.029166 0.004456 0.000969 0.691903 0.721976
