1667747000.155519 0.000000 0.000000 0.000000 0.000000 0.000000 0.000000 1.000000
1667747002.354376 0.166014 0.023789 -0.001496 -0.001241 -0.006259 -0.004572 0.999969
1667747003.453773 0.273935 0.035384 -0.006307 -0.001379 -0.013614 -0.006415 0.999886
1667747004.553183 0.389963 0.048398 -0.002323 -0.001213 -0.015196 -0.008684 0.999846
1667747005.652556 0.521726 0.051455 -0.006098 0.003031 -0.016817 -0.008698 0.999816
1667747006.657028 0.634605 0.058592 0.013028 0.003853 -0.013391 -0.010909 0.999843
1667747007.659848 0.749748 0.062892 0.015626 0.002865 -0.013335 -0.012472 0.999829
1667747008.660550 0.880745 0.059691 0.018527 0.002124 -0.014333 -0.011611 0.999828
1667747009.663987 1.009320 0.067295 0.028000 0.001559 -0.012177 -0.011203 0.999862
1667747010.666070 1.135942 0.074073 0.032566 0.002278 -0.013646 -0.011781 0.999835
1667747011.666360 1.274412 0.086808 0.036358 0.002153 -0.013875 -0.015406 0.999783
1667747012.666656 1.415562 0.082210 0.037699 0.000375 -0.015804 -0.014556 0.999769
1667747013.666960 1.561745 0.080403 0.044025 0.004448 -0.010992 -0.012630 0.999850
1667747014.667285 1.706719 0.087716 0.047236 0.003613 -0.014993 -0.015407 0.999762
1667747015.667593 1.809023 0.092766 0.050734 0.004111 -0.021377 -0.082132 0.996384
1667747016.667879 1.867862 0.102258 0.046540 0.004358 -0.022319 -0.164651 0.986090
1667747020.779471 1.927662 0.084460 0.063541 0.004988 -0.013369 -0.111883 0.993619
1667747022.886791 1.949821 0.075748 0.061831 0.005233 -0.012001 -0.059202 0.998160
1667747024.985726 2.103222 0.070909 0.080697 0.003046 -0.012911 -0.015299 0.999795
1667747026.085664 2.212529 0.077023 0.096219 0.000761 -0.010461 -0.008460 0.999909
1667747027.183800 2.329219 0.065521 0.095851 0.003277 -0.011311 0.013130 0.999844
1667747028.281853 2.444255 0.043426 0.110126 0.004857 -0.011501 0.025053 0.999608
1667747029.379913 2.573737 0.023765 0.132644 0.006282 -0.010615 0.038647 0.999177
1667747030.477989 2.711836 0.029051 0.171040 0.007402 -0.009402 0.047750 0.998788
1667747031.576063 2.817710 0.062991 0.206985 0.006740 -0.006728 0.060268 0.998137
1667747032.674107 2.884914 0.082196 0.138579 0.004662 -0.011653 -0.062644 0.997957
1667747033.772141 2.987110 0.045149 0.144849 0.004826 -0.015362 -0.111265 0.993660
1667747035.876825 3.047166 0.022489 0.267575 0.003711 0.007641 -0.075225 0.997130
1667747040.250137 3.193776 -0.002714 0.209227 0.008969 -0.006323 -0.035258 0.999318
1667747042.251567 3.382595 -0.022494 0.162301 0.009140 -0.022522 -0.042311 0.998809
1667747044.252972 3.578649 -0.020548 0.167561 0.009545 -0.017555 -0.030197 0.999344
1667747045.253675 3.721057 0.012409 0.146701 0.010065 -0.024887 -0.034639 0.999039
1667747046.254393 3.831094 0.008656 0.165939 0.011112 -0.023220 -0.036156 0.999015
1667747047.255111 3.966897 -0.030496 0.145623 0.012044 -0.027192 -0.033544 0.998995
1667747048.255822 4.103354 0.002842 0.165496 0.010169 -0.021911 -0.041369 0.998852
1667747049.257447 4.234466 0.004201 0.169385 0.010254 -0.018696 -0.042028 0.998889
1667747051.281998 4.355195 -0.036112 0.169422 0.010451 -0.025989 -0.037077 0.998920
1667747053.477940 4.449838 -0.066759 0.153067 0.012958 -0.025502 -0.093200 0.995236
1667747054.575938 4.483407 -0.073604 0.173499 0.015095 -0.018241 -0.184628 0.982523
1667747055.577471 4.520838 -0.083573 0.160513 0.018497 -0.019404 -0.264807 0.963929
1667747056.586794 4.523445 -0.070269 0.158575 0.022295 -0.020000 -0.356273 0.933902
1667747057.593714 4.565453 -0.067952 0.170924 0.021935 -0.015862 -0.462827 0.886035
1667747058.691611 4.601034 -0.078259 0.168346 0.023153 -0.014824 -0.567327 0.823033
1667747059.697240 4.625818 -0.100513 0.162008 0.022380 -0.015867 -0.645312 0.763426
1667747060.791132 4.637816 -0.138519 0.158253 0.021523 -0.016652 -0.714592 0.699012
1667747061.885164 4.632322 -0.239900 0.154896 0.019906 -0.016163 -0.755290 0.654889
1667747062.979269 4.607441 -0.378438 0.149492 0.019626 -0.017194 -0.787989 0.615136
1667747064.073426 4.583450 -0.534616 0.157308 0.022688 -0.014262 -0.823349 0.566903
1667747065.167533 4.535131 -0.650512 0.146675 0.018690 -0.015837 -0.842100 0.538765
1667747066.267215 4.501301 -0.707690 0.147857 0.020317 -0.015988 -0.809979 0.585888
1667747067.270230 4.500496 -0.726057 0.139652 0.016959 -0.017985 -0.771596 0.635632
1667747069.276729 4.492579 -0.790218 0.132181 0.013015 -0.022039 -0.723197 0.690167
1667747071.467808 4.487198 -0.974363 0.150698 0.014655 -0.020717 -0.697214 0.716414
1667747073.482248 4.500639 -1.171203 0.158189 0.014683 -0.020295 -0.681418 0.731466
1667747074.483774 4.522814 -1.272317 0.156711 0.013524 -0.021365 -0.695349 0.718228
1667747075.486561 4.521361 -1.321062 0.164790 0.014171 -0.020033 -0.754816 0.655478
1667747076.586393 4.492295 -1.440721 0.165365 0.016210 -0.017609 -0.768327 0.639610
1667747078.783201 4.469847 -1.577442 0.164511 0.015032 -0.016897 -0.778799 0.626866
1667747079.881616 4.465299 -1.581439 0.173280 0.017017 -0.016571 -0.766134 0.642242
1667747084.088332 4.449546 -1.696219 0.176587 0.015960 -0.017659 -0.735733 0.676854
1667747087.262123 4.482548 -1.901343 0.182362 0.015059 -0.020106 -0.699558 0.714134
1667747088.359310 4.487438 -2.026155 0.183833 0.013085 -0.022308 -0.698459 0.715182
1667747089.360137 4.471734 -2.143693 0.181007 0.016193 -0.019389 -0.696203 0.717400
1667747090.361228 4.457285 -2.253623 0.195549 0.016950 -0.017897 -0.692820 0.720690
1667747091.459589 4.457399 -2.382748 0.183423 0.012236 -0.017795 -0.697684 0.716080
1667747093.656327 4.442204 -2.566285 0.204885 0.008111 -0.021934 -0.732707 0.680142
1667747094.754708 4.450296 -2.691800 0.219361 0.010387 -0.018191 -0.732065 0.680912
1667747095.853117 4.407245 -2.842228 0.202666 0.009811 -0.019448 -0.730267 0.682814
1667747096.951518 4.423048 -2.980256 0.211899 0.011106 -0.020826 -0.731684 0.681235
1667747098.051647 4.399481 -3.115352 0.214087 0.013369 -0.021297 -0.730492 0.682459
1667747100.155978 4.391533 -3.298773 0.234648 0.014949 -0.019516 -0.729551 0.683485
1667747101.160993 4.354789 -3.341219 0.239785 0.015255 -0.022267 -0.688090 0.725123
1667747103.273137 4.384491 -3.578360 0.266379 0.020074 -0.020176 -0.675315 0.736980
1667747104.339236 4.394946 -3.713519 0.276612 0.020071 -0.024628 -0.672800 0.739142
1667747105.372013 4.387530 -3.811286 0.281428 0.019768 -0.026010 -0.711850 0.701572
1667747107.570839 4.391932 -4.044328 0.291494 0.022875 -0.022563 -0.726225 0.686705
1667747108.670240 4.374599 -4.203485 0.307084 0.024784 -0.021803 -0.724784 0.688185
1667747109.675069 4.361124 -4.333080 0.321307 0.023190 -0.021295 -0.724694 0.688351
1667747110.675756 4.350206 -4.455155 0.335100 0.025327 -0.017115 -0.716206 0.697219
1667747111.774386 4.355149 -4.586172 0.345809 0.027767 -0.015185 -0.706299 0.707206
1667747112.872958 4.349166 -4.728071 0.347552 0.026001 -0.022434 -0.704474 0.708898
1667747113.971681 4.345222 -4.889024 0.355643 0.027152 -0.023181 -0.702461 0.710826
1667747115.003707 4.353054 -5.031202 0.353648 0.024804 -0.022047 -0.702643 0.710768
1667747116.102388 4.349300 -5.180192 0.365080 0.023185 -0.022991 -0.702217 0.711214
1667747117.169708 4.343657 -5.322070 0.384298 0.025380 -0.017378 -0.701916 0.711596
1667747118.174283 4.343414 -5.464444 0.385735 0.026522 -0.018506 -0.701334 0.712099
1667747119.174318 4.365410 -5.633195 0.387543 0.027451 -0.016006 -0.703606 0.709879
1667747120.174335 4.377709 -5.762700 0.387972 0.024363 -0.019505 -0.705842 0.707681
1667747121.174349 4.374058 -5.910553 0.376704 0.025826 -0.021183 -0.705036 0.708385
1667747122.174365 4.378053 -6.053257 0.398569 0.028632 -0.017385 -0.703210 0.710193
1667747123.174385 4.374045 -6.198012 0.391645 0.029641 -0.017806 -0.701913 0.711423
1667747124.174436 4.401717 -6.344046 0.402108 0.026353 -0.021084 -0.703382 0.710011
1667747125.175493 4.411563 -6.491684 0.392990 0.026696 -0.018436 -0.702771 0.710676
1667747126.178913 4.359300 -6.643416 0.442060 0.030228 -0.020884 -0.704109 0.709141
1667747127.246367 4.360439 -6.796908 0.442319 0.029606 -0.020818 -0.703397 0.709875
1667747128.280447 4.371429 -6.957753 0.443188 0.022924 -0.019592 -0.706875 0.706695
1667747129.347889 4.391273 -7.097431 0.447836 0.019615 -0.015992 -0.722947 0.690440
1667747130.348613 4.394679 -7.237864 0.445003 0.023277 -0.017212 -0.724161 0.689023
1667747131.349353 4.390917 -7.389754 0.438129 0.026196 -0.015431 -0.725201 0.687866
1667747132.350085 4.364273 -7.539465 0.432967 0.025966 -0.017930 -0.724585 0.688463
1667747133.355460 4.374269 -7.691215 0.439748 0.024644 -0.011686 -0.729607 0.683323
1667747134.363543 4.306015 -7.942799 0.362845 0.024853 -0.025898 -0.717848 0.695274
1667747135.462979 4.281551 -8.100335 0.362526 0.027443 -0.024719 -0.713711 0.699466
1667747136.562383 4.284813 -8.309395 0.249063 0.022367 -0.044713 -0.698676 0.713690
1667747137.661769 4.347065 -8.387860 0.472078 0.026457 -0.010820 -0.698885 0.714662
1667747138.761159 4.388546 -8.561969 0.399883 0.021301 -0.025311 -0.695695 0.717575
1667747139.860580 4.409624 -8.633338 0.411850 0.022296 -0.025399 -0.702184 0.711193
1667747140.960009 4.400252 -8.886646 0.379227 0.019649 -0.035245 -0.693238 0.719578
1667747142.059523 4.454303 -9.001648 0.460959 0.021569 -0.016853 -0.699245 0.714358
1667747144.258367 4.496380 -9.196719 0.449265 0.025654 -0.018356 -0.755995 0.653817
1667747145.357784 4.403959 -9.408229 0.466716 0.028183 -0.013785 -0.741081 0.670682
1667747148.655990 4.472804 -9.640224 0.449914 0.018800 -0.026480 -0.717596 0.695702
1667747149.660461 4.458577 -9.790500 0.431888 0.022479 -0.025718 -0.718128 0.695072
1667747150.663244 4.437163 -9.901758 0.370089 0.019713 -0.035003 -0.714597 0.698382
1667747152.664755 4.448259 -9.976575 0.410957 0.018434 -0.028305 -0.769618 0.637611
1667747153.665472 4.488312 -10.007796 0.394846 0.017732 -0.028023 -0.829024 0.558228
1667747154.666198 4.466258 -10.034730 0.381381 -0.018997 0.026706 0.875122 -0.482792
1667747155.666920 4.427296 -10.060127 0.414642 -0.024589 0.018170 0.917699 -0.396099
1667747156.675568 4.425654 -10.113230 0.396397 -0.023640 0.017178 0.945050 -0.325616
1667747157.680135 4.400444 -10.141582 0.396977 -0.026103 0.014153 0.972961 -0.229052
1667747158.687358 4.374180 -10.143038 0.397793 -0.027358 0.011348 0.991838 -0.124018
1667747159.691001 4.377512 -10.112165 0.398184 -0.024752 0.010981 0.998754 -0.041922
1667747160.788924 4.351934 -10.134684 0.396323 -0.024101 0.007796 0.999415 0.022964
1667747162.984892 4.098330 -10.124205 0.376599 -0.026778 0.004659 0.991744 0.125318
1667747164.082885 3.918890 -10.133923 0.346896 -0.027917 0.005082 0.985572 0.166862
1667747167.377109 3.816265 -10.128667 0.320428 -0.020075 0.006624 0.995480 0.092594
1667747170.671272 3.634350 -10.077680 0.327312 -0.022837 0.009315 0.998846 0.041220
1667747171.769293 3.494977 -10.052402 0.317109 -0.017981 0.011890 0.999255 0.032023
1667747172.772604 3.398896 -10.048820 0.319598 -0.020940 0.013062 0.999379 0.025144
1667747173.774114 3.261619 -10.033758 0.334228 -0.026257 0.015891 0.999454 0.012208
1667747174.778678 3.147354 -10.044763 0.323547 -0.021012 0.018231 0.999613 0.000400
1667747175.781452 3.010202 -10.064374 0.316470 -0.023532 0.016071 0.999586 -0.004033
1667747176.848900 2.867000 -10.078265 0.289553 -0.018798 0.017433 0.999623 -0.009808
1667747177.849629 2.750424 -10.079019 0.281282 -0.020418 0.017738 0.999586 -0.009778
1667747179.851093 2.546061 -10.090327 0.271113 -0.022052 0.013420 0.999392 0.023453
1667747180.851822 2.417642 -10.101196 0.262320 -0.020715 0.011236 0.999482 0.021902
1667747181.852546 2.280802 -10.099480 0.259344 -0.018700 0.012741 0.999582 0.018011
1667747182.853265 2.130565 -10.095554 0.259143 -0.018080 0.013860 0.999667 0.012100
1667747183.853972 1.990628 -10.096787 0.251322 -0.018540 0.017061 0.999649 0.008249
1667747184.854685 1.857714 -10.120062 0.248376 -0.016436 0.014413 0.999691 0.011854
1667747185.855405 1.707115 -10.116951 0.242545 -0.022208 0.012522 0.999670 0.003130
1667747186.856130 1.589384 -10.126110 0.232017 -0.017782 0.012871 0.998818 0.043369
1667747188.857586 1.365562 -10.138330 0.228645 -0.012944 0.016836 0.997661 0.064977
1667747189.858315 1.213652 -10.119206 0.221070 -0.021641 0.017692 0.997635 0.062797
1667747190.859065 1.059916 -10.103257 0.221064 -0.019957 0.017053 0.997565 0.064617
1667747191.859777 0.923801 -10.089128 0.225338 -0.015645 0.014786 0.997508 0.067193
1667747192.860500 0.807699 -10.097727 0.220827 -0.014007 0.015394 0.997024 0.074228
1667747193.861233 0.636313 -10.063776 0.193689 -0.018722 0.022629 0.997355 0.066487
1667747194.861976 0.508714 -10.061687 0.189691 -0.019764 0.020648 0.996911 0.073154
1667747195.862717 0.391953 -10.043749 0.185616 -0.017155 0.020797 0.998144 0.054607
1667747196.863441 0.295416 -10.028186 0.193302 -0.017284 0.021122 0.999626 0.001486
1667747198.864882 0.106544 -10.052933 0.192508 -0.015640 0.020569 0.999664 -0.002278
1667747199.865630 -0.005445 -10.060938 0.149236 -0.013784 0.027128 0.999517 -0.006296
1667747202.867797 -0.068952 -10.083673 0.141821 -0.011263 0.032484 0.999341 0.011665
1667747203.868498 -0.066725 -10.099527 0.141287 -0.010400 0.030716 0.994764 0.096920
1667747204.869197 -0.113231 -10.090033 0.157541 -0.012529 0.024580 0.982261 0.185479
1667747208.872037 -0.272814 -10.088547 0.165440 -0.016429 0.023078 0.864558 0.501734
1667747209.872743 -0.287365 -10.090516 0.147578 -0.014721 0.019013 0.824234 0.565739
1667747210.873461 -0.361674 -10.049495 0.138818 -0.018830 0.016025 0.769034 0.638729
1667747211.883338 -0.383021 -10.000570 0.129556 -0.022710 0.010282 0.706335 0.707438
1667747213.985965 -0.334071 -9.888866 0.129968 -0.023712 0.009462 0.648382 0.760887
1667747215.085355 -0.307022 -9.745690 0.096060 -0.023395 0.003424 0.568804 0.822133
1667747218.383663 -0.298653 -9.670781 0.155488 -0.021069 0.015224 0.611737 0.790634
1667747220.582554 -0.256009 -9.543753 0.117025 -0.021825 0.008644 0.635724 0.771560
1667747221.586802 -0.243668 -9.533159 0.164693 -0.020731 0.017638 0.700770 0.712868
1667747223.691681 -0.229318 -9.346982 0.028904 -0.020703 0.001836 0.717169 0.696589
1667747225.854452 -0.270630 -9.226534 0.160526 -0.013089 0.022469 0.725435 0.687799
1667747226.952469 -0.209776 -9.261470 0.166297 -0.016974 0.017579 0.685351 0.727803
1667747227.956222 -0.289613 -9.047982 0.139677 -0.017248 0.008130 0.625175 0.780251
1667747228.957375 -0.260349 -8.862488 -0.013720 -0.020214 -0.012628 0.587749 0.808692
1667747231.156190 -0.250937 -8.929025 0.109788 -0.017381 0.008055 0.657994 0.752779
1667747232.188985 -0.315223 -8.838278 0.100539 -0.015715 0.006836 0.648540 0.760987
1667747233.255088 -0.199560 -8.803970 0.031099 -0.019379 -0.004617 0.665603 0.746040
1667747235.453918 -0.228907 -8.662592 0.047602 -0.020304 0.000649 0.672120 0.740164
1667747236.553342 -0.267748 -8.547945 0.074900 -0.019216 0.006572 0.667718 0.744138
1667747237.555349 -0.280813 -8.443200 0.102917 -0.013824 0.006243 0.668189 0.743837
1667747239.561034 -0.215668 -8.318229 0.044688 -0.019058 -0.001272 0.679626 0.733310
1667747240.561745 -0.261337 -8.221148 0.079229 -0.015722 0.009063 0.674879 0.737705
1667747241.562443 -0.236459 -8.045021 0.067487 -0.017254 0.010121 0.677339 0.735399
1667747242.563148 -0.264081 -7.883241 0.094506 -0.012713 0.011403 0.676638 0.736118
1667747243.563853 -0.290810 -7.716044 0.106239 -0.010136 0.010694 0.674111 0.738483
1667747244.564569 -0.250348 -7.612936 0.085426 -0.010357 0.007012 0.681738 0.731490
1667747245.565299 -0.252517 -7.476444 0.099203 -0.007547 0.010153 0.685690 0.727784
1667747247.566720 -0.220865 -7.283749 0.122264 -0.003849 0.018743 0.699317 0.714555
1667747248.567435 -0.217828 -7.163393 0.125968 -0.006281 0.021648 0.701393 0.712418
1667747249.568155 -0.247834 -6.992922 0.140244 -0.005655 0.025685 0.684958 0.728107
1667747250.568898 -0.228207 -6.859173 0.102635 -0.010051 0.021189 0.686979 0.726299
1667747251.569641 -0.234077 -6.738491 0.108994 -0.007130 0.017908 0.667415 0.744437
1667747252.570381 -0.232255 -6.637178 0.105073 -0.004763 0.015491 0.657222 0.753523
1667747254.571864 -0.216222 -6.365261 0.148705 0.002650 0.023722 0.658709 0.752019
1667747255.572602 -0.217389 -6.172769 0.173365 0.004098 0.033052 0.652479 0.757074
1667747256.573336 -0.186586 -6.051023 0.141134 0.000508 0.027120 0.655609 0.754613
1667747257.574057 -0.160020 -5.932737 0.096259 0.001521 0.018758 0.661276 0.749907
1667747258.574778 -0.140240 -5.738351 0.063666 -0.004441 0.016940 0.682759 0.730434
1667747259.575503 -0.184096 -5.692942 0.236094 0.003911 0.046337 0.714023 0.698576
1667747260.576223 -0.159744 -5.616583 0.121676 -0.006365 0.026831 0.722309 0.691020
1667747262.577667 -0.180278 -5.408451 0.170431 0.008063 0.035871 0.711805 0.701415
1667747263.578383 -0.153749 -5.289794 0.114638 0.004508 0.031417 0.713894 0.699534
1667747264.579099 -0.157106 -5.170343 0.093254 0.002333 0.031841 0.714004 0.699413
1667747266.680675 -0.164251 -4.923537 0.123187 0.003854 0.032230 0.607529 0.793634
1667747268.782203 -0.095673 -4.804875 0.103309 0.006796 0.026841 0.551479 0.833729
1667747275.068997 -0.095731 -4.698205 0.086347 0.001478 0.024479 0.616741 0.786784
1667747278.363029 -0.127164 -4.580708 0.166044 0.000764 0.039606 0.657385 0.752513
1667747279.461089 -0.139537 -4.539165 0.061202 0.002524 0.025688 0.676835 0.735682
1667747281.657236 -0.041045 -4.384249 -0.063778 0.004028 0.011863 0.691615 0.722158
1667747282.755323 0.022793 -4.282339 -0.073661 0.001825 0.012368 0.695869 0.718060
1667747283.758413 -0.003705 -4.133614 0.055922 0.002661 0.031639 0.695245 0.718072
1667747284.763845 -0.030077 -3.942787 0.108701 0.006208 0.039546 0.689906 0.722791
1667747285.864038 -0.101276 -3.719854 0.145389 0.007112 0.042660 0.680431 0.731535
1667747286.865631 -0.130209 -3.586042 0.171021 0.006873 0.046543 0.680999 0.730771
1667747288.870176 -0.022852 -3.428328 0.002302 0.005344 0.024874 0.700711 0.712991
1667747289.969604 -0.050345 -3.238135 -0.124904 0.001698 0.003556 0.700920 0.713229
1667747291.069015 0.083412 -3.172534 -0.229485 -0.010413 -0.015831 0.712085 0.701837
1667747292.168436 0.022806 -3.044194 -0.053064 -0.004077 0.010707 0.715483 0.698537
1667747293.267866 -0.033031 -2.898271 0.018896 0.011626 0.022699 0.715345 0.698306
1667747295.366760 -0.026334 -2.622077 -0.011275 0.003710 0.025076 0.707193 0.706566
1667747296.466209 -0.037071 -2.453544 0.005862 0.009277 0.028620 0.706892 0.706681
1667747298.665053 -0.060085 -2.233073 -0.021189 0.004462 0.024476 0.668095 0.743660
1667747299.666605 -0.041311 -2.092257 -0.076582 -0.000657 0.015057 0.662085 0.749277
1667747300.671893 -0.036092 -1.938195 -0.081784 -0.002935 0.008058 0.658642 0.752408
1667747301.672635 -0.019953 -1.823098 -0.125010 -0.009441 0.001209 0.661093 0.750244
1667747302.673359 -0.007441 -1.708732 -0.141539 -0.011844 -0.003529 0.662715 0.748770
1667747303.674079 0.022186 -1.571730 -0.148030 -0.013201 -0.008591 0.662652 0.748762
1667747304.674801 0.022021 -1.442494 -0.124935 -0.012085 -0.003269 0.662874 0.748626
1667747305.675529 -0.004719 -1.315522 -0.088119 -0.012570 -0.004969 0.659749 0.751365
1667747307.676964 0.042145 -1.223377 -0.067563 -0.005782 -0.005179 0.711648 0.702494
1667747308.677675 0.009661 -1.110312 -0.027786 -0.010531 -0.000152 0.711315 0.702794
1667747309.678390 0.039798 -0.973708 -0.018789 -0.002751 -0.000866 0.716687 0.697389
1667747310.679127 0.040089 -0.838149 -0.004971 -0.002375 0.002173 0.718759 0.695252
1667747311.679863 0.027997 -0.707075 0.020472 -0.001292 0.005682 0.719392 0.694580
1667747312.780653 0.024810 -0.577843 0.047511 -0.003968 0.005760 0.691213 0.722617
1667747313.781391 0.023498 -0.447762 0.035159 0.001062 0.000595 0.688641 0.725101
1667747314.782122 0.032066 -0.311137 0.055914 0.001809 0.004728 0.688578 0.725144
1667747316.855480 0.021506 -0.143393 0.098314 0.004443 0.008208 0.679266 0.733833
1667747317.863057 0.047347 -0.114432 0.098166 0.000562 0.010043 0.611185 0.791424
1667747318.962438 0.041423 -0.083959 0.084884 0.000881 0.009713 0.524763 0.851192
1667747320.061821 0.029023 0.015002 -0.020628 -0.002605 -0.006559 0.441589 0.897190
1667747321.161213 0.035178 0.044069 0.019268 0.000112 0.003926 0.343385 0.939187
1667747322.260601 0.035495 0.070276 -0.003406 -0.001991 -0.000444 0.239050 0.971005
1667747323.267434 0.051148 0.074926 -0.009198 -0.001856 -0.002819 0.131960 0.991249
1667747324.268280 0.079574 0.074837 -0.002685 -0.001954 -0.001877 0.051409 0.998674
1667747326.464978 0.247979 0.075954 -0.003409 -0.000923 -0.011442 -0.031971 0.999423
1667747327.563413 0.385538 0.082627 -0.005482 -0.000595 -0.016886 -0.074900 0.997048
1667747328.661813 0.516340 0.070087 -0.008413 0.001918 -0.017860 -0.102340 0.994587
1667747329.760231 0.647941 0.034960 0.003848 0.005415 -0.014680 -0.128228 0.991621
1667747330.858641 0.692565 0.036523 0.007513 0.004296 -0.013549 -0.069207 0.997501
1667747332.870230 0.815663 0.037155 0.016627 0.002640 -0.013101 -0.024894 0.999601
1667747334.971567 1.025777 0.047467 0.027010 0.001265 -0.012036 -0.009785 0.999879
1667747336.069949 1.162270 0.055490 0.032301 0.001775 -0.011767 -0.000363 0.999929
1667747337.168334 1.299784 0.070100 0.037592 0.000969 -0.012031 0.012502 0.999849
1667747338.300004 1.435383 0.071783 0.040030 0.001539 -0.013117 0.022038 0.999670
1667747339.369730 1.567293 0.084897 0.048869 0.003665 -0.008779 0.030402 0.999493
1667747341.469453 1.747371 0.097389 0.049502 0.002784 -0.020164 0.001926 0.999791
1667747342.475632 1.878602 0.127538 0.054397 0.002921 -0.019612 0.000580 0.999803
1667747343.575113 2.017868 0.133022 0.064480 0.003496 -0.008786 -0.000777 0.999955
1667747344.673713 2.125354 0.139740 0.074119 0.003743 -0.014362 -0.051577 0.998559
1667747345.772306 2.275272 0.138861 0.084693 0.004699 -0.011087 -0.051311 0.998610
1667747346.872351 2.427165 0.117092 0.093327 0.004241 -0.012752 -0.049082 0.998704
1667747347.878098 2.557145 0.103205 0.102407 0.005200 -0.014881 -0.047852 0.998730
1667747348.882392 2.680681 0.066960 0.117583 0.007968 -0.014353 -0.045231 0.998842
1667747349.981756 2.805600 0.054657 0.138452 0.006269 -0.012274 -0.048142 0.998745
1667747351.080923 2.955156 0.041346 0.189916 0.002600 -0.007468 -0.050020 0.998717
1667747352.180138 3.105399 -0.001559 0.216033 0.005735 0.000087 -0.045100 0.998966
1667747353.279362 3.248281 -0.030670 0.200720 0.010987 -0.006900 -0.040418 0.999099
1667747354.378552 3.377153 -0.039881 0.160480 0.008952 -0.022729 -0.036931 0.999019
1667747355.477770 3.504818 -0.041157 0.146349 0.010088 -0.024610 -0.030131 0.999192
1667747356.576915 3.662898 -0.003747 0.152747 0.009604 -0.020597 -0.030006 0.999291
1667747357.676126 3.811028 -0.025663 0.160324 0.011075 -0.022725 -0.028930 0.999262
1667747358.691553 3.951991 -0.048761 0.150409 0.011742 -0.024366 -0.028085 0.999240
1667747359.791254 4.122077 -0.019981 0.154820 0.011464 -0.024604 -0.031542 0.999134
1667747360.795803 4.250631 -0.016099 0.172794 0.010229 -0.019696 -0.032225 0.999234
1667747361.893778 4.354231 -0.050650 0.167875 0.011324 -0.026028 -0.024830 0.999289
1667747362.992537 4.425880 -0.092583 0.157673 0.013519 -0.026639 -0.086653 0.995791
1667747364.060920 4.475070 -0.103051 0.171691 0.015329 -0.019754 -0.181579 0.983058
1667747365.159686 4.492875 -0.166525 0.168740 0.018389 -0.017176 -0.293307 0.955687
1667747366.258466 4.536401 -0.095184 0.169003 0.020885 -0.016707 -0.423918 0.905306
1667747367.357259 4.583735 -0.084104 0.169395 0.023053 -0.015734 -0.542627 0.839510
1667747368.456057 4.613590 -0.121435 0.160102 0.022106 -0.016227 -0.646113 0.762749
1667747369.554855 4.628050 -0.163902 0.154907 0.021523 -0.016020 -0.725986 0.687185
1667747371.564250 4.615674 -0.323327 0.137984 0.018293 -0.016215 -0.786454 0.617165
1667747374.767106 4.582256 -0.414832 0.151302 0.020898 -0.018608 -0.731315 0.681465
1667747376.868829 4.588108 -0.591138 0.146180 0.016820 -0.019260 -0.724202 0.689114
1667747377.967811 4.581816 -0.729507 0.145783 0.011809 -0.019847 -0.720234 0.693347
1667747379.066787 4.569040 -0.850143 0.150004 0.014820 -0.019036 -0.713146 0.700601
1667747380.165745 4.568222 -0.987149 0.154297 0.016378 -0.020142 -0.705992 0.707744
1667747382.363716 4.576915 -1.132118 0.158271 0.016835 -0.019267 -0.786187 0.617458
1667747383.462682 4.541502 -1.241504 0.161559 0.017878 -0.018154 -0.802418 0.596219
1667747384.561640 4.518050 -1.366148 0.160897 0.016321 -0.017185 -0.821818 0.569258
1667747386.665291 4.483844 -1.412065 0.159440 0.014351 -0.018429 -0.783645 0.620770
1667747389.667678 4.464418 -1.531843 0.160918 0.015615 -0.018210 -0.759414 0.650165
1667747391.682837 4.430882 -1.660724 0.176661 0.015926 -0.019551 -0.677382 0.735199
1667747392.684200 4.447296 -1.726392 0.182402 0.015404 -0.018419 -0.639301 0.768581
1667747393.684386 4.484134 -1.839910 0.172770 0.013528 -0.022156 -0.617576 0.786082
1667747399.146577 4.533115 -1.936604 0.185664 0.013531 -0.020604 -0.677820 0.734815
1667747401.278233 4.524541 -2.090685 0.179508 0.014857 -0.020278 -0.710713 0.703032
1667747402.377361 4.495987 -2.220854 0.196832 0.020387 -0.014936 -0.719166 0.694378
1667747403.476468 4.489113 -2.341108 0.186321 0.015091 -0.017912 -0.733067 0.679753
1667747404.575570 4.462292 -2.475259 0.189765 0.010923 -0.019751 -0.740525 0.671650
1667747405.674666 4.449826 -2.586366 0.210677 0.009510 -0.021119 -0.753564 0.656966
1667747406.678808 4.459004 -2.712416 0.220113 0.011442 -0.016228 -0.759202 0.650552
1667747408.849998 4.408142 -2.874392 0.204389 0.009567 -0.020821 -0.729753 0.683327
1667747409.850956 4.419809 -3.002789 0.210728 0.011832 -0.021155 -0.732294 0.680557
1667747410.851670 4.401558 -3.138144 0.215527 0.014457 -0.020186 -0.734080 0.678609
1667747411.852377 4.390663 -3.251342 0.233275 0.015230 -0.019231 -0.729861 0.683156
1667747413.853805 4.370928 -3.431810 0.242057 0.015645 -0.022059 -0.696821 0.716735
1667747414.954594 4.366132 -3.558474 0.264320 0.019728 -0.019674 -0.696081 0.717423
1667747415.966694 4.364950 -3.697683 0.267918 0.019620 -0.023795 -0.697145 0.716266
1667747416.967486 4.369654 -3.830064 0.280713 0.019946 -0.025832 -0.698690 0.714679
1667747418.066883 4.371075 -3.967215 0.292959 0.022999 -0.023156 -0.699137 0.714243
1667747419.166306 4.374422 -4.127901 0.308103 0.022874 -0.023188 -0.701150 0.712269
1667747420.265756 4.367074 -4.284467 0.318213 0.023690 -0.021390 -0.704088 0.709395
1667747421.365193 4.361003 -4.430269 0.344191 0.025389 -0.017267 -0.705407 0.708138
1667747422.367248 4.368998 -4.575745 0.348249 0.027594 -0.015213 -0.706253 0.707258
1667747423.376369 4.367362 -4.708598 0.350299 0.024717 -0.022778 -0.704978 0.708432
1667747424.474414 4.359196 -4.862604 0.352718 0.028092 -0.023213 -0.704732 0.708537
1667747425.475851 4.364843 -5.011344 0.355231 0.025055 -0.022266 -0.706863 0.706556
1667747426.483248 4.370797 -5.154102 0.370926 0.025476 -0.020746 -0.707569 0.705880
1667747427.579898 4.352303 -5.298856 0.383897 0.025873 -0.018295 -0.708799 0.704699
1667747428.676572 4.359286 -5.454952 0.392797 0.027624 -0.016299 -0.708806 0.704674
1667747429.773253 4.367991 -5.640219 0.381280 0.025710 -0.017174 -0.710655 0.702861
1667747430.869951 4.382668 -5.783512 0.389934 0.025469 -0.018057 -0.713895 0.699556
1667747431.871670 4.379074 -5.941226 0.378658 0.025853 -0.020472 -0.715139 0.698204
1667747432.872271 4.378038 -6.073879 0.403486 0.030626 -0.015481 -0.716930 0.696300
1667747433.970367 4.373525 -6.243051 0.383683 0.028778 -0.019137 -0.717672 0.695523
1667747435.068462 4.394020 -6.401514 0.384534 0.023501 -0.023434 -0.723143 0.689900
1667747436.166522 4.335754 -6.566553 0.445204 0.028985 -0.019390 -0.726219 0.686579
1667747437.264593 4.332672 -6.736783 0.442005 0.028861 -0.020530 -0.729162 0.683424
1667747438.363741 4.325506 -6.895743 0.443697 0.022576 -0.018383 -0.733207 0.679382
1667747439.368282 4.330678 -7.021430 0.447916 0.019803 -0.015840 -0.722595 0.690807
1667747440.467925 4.326167 -7.173463 0.446791 0.025275 -0.015734 -0.719472 0.693883
1667747441.469380 4.333488 -7.313482 0.449120 0.028763 -0.016602 -0.719688 0.693502
1667747442.474707 4.283816 -7.510131 0.351347 0.023856 -0.028891 -0.712516 0.700655
1667747443.475425 4.409878 -7.538826 0.625656 0.028177 0.010139 -0.727252 0.685717
1667747444.478222 4.330698 -7.748259 0.486378 0.021256 -0.010330 -0.694510 0.719095
1667747445.486767 4.308217 -7.927215 0.423893 0.025743 -0.017633 -0.686957 0.726028
1667747446.586430 4.249212 -8.225142 0.238227 0.026217 -0.047659 -0.667684 0.742455
1667747447.686089 4.304595 -8.315051 0.483760 0.026651 -0.010567 -0.678250 0.734272
1667747448.785735 4.412077 -8.446827 0.411813 0.023681 -0.021216 -0.688018 0.724997
1667747449.885400 4.431785 -8.554040 0.398946 0.022646 -0.027123 -0.691704 0.721316
1667747450.985076 4.397272 -8.708287 0.417495 0.022630 -0.027465 -0.692911 0.720144
1667747452.084750 4.427424 -8.836772 0.426492 0.021481 -0.025645 -0.748774 0.661981
1667747453.184405 4.445688 -8.831622 0.475700 0.024205 -0.016103 -0.837202 0.546120
1667747454.284096 4.459166 -8.891225 0.468451 -0.030658 0.012042 0.874349 -0.484178
1667747457.549844 4.549886 -8.910395 0.333140 0.014962 -0.027127 -0.857426 0.513673
1667747462.767964 4.419780 -9.005059 0.387345 0.022591 -0.023023 -0.819450 0.572242
1667747463.900685 4.337354 -9.069034 0.348225 0.025869 -0.025253 -0.790690 0.611148
1667747465.000091 4.402680 -9.024683 0.394246 0.025385 -0.023016 -0.795491 0.604995
1667747469.064636 4.501551 -9.086550 0.482880 0.025241 -0.010856 -0.805840 0.591496
1667747470.097452 4.407886 -9.091093 0.436204 0.025984 -0.019880 -0.770104 0.637079
1667747471.196889 4.384099 -9.086844 0.451908 0.024722 -0.019224 -0.734461 0.677928
1667747475.527960 4.372574 -9.221974 0.439914 0.024076 -0.024074 -0.705424 0.707967
1667747478.800955 4.407908 -9.413484 0.459509 0.017668 -0.019912 -0.683985 0.729010
1667747481.002550 4.406563 -9.621885 0.466953 0.018116 -0.024033 -0.671991 0.739948
1667747483.137384 4.446940 -9.840976 0.360649 0.019149 -0.036988 -0.664283 0.746319
1667747488.474549 4.428508 -9.889426 0.381309 0.018938 -0.034097 -0.700240 0.712841
1667747490.576080 4.438957 -9.908184 0.401947 0.018776 -0.028685 -0.769091 0.638219
1667747492.577517 4.489054 -9.908485 0.394893 0.017482 -0.027754 -0.826089 0.562585
1667747493.578256 4.494178 -9.929969 0.386456 -0.017918 0.026775 0.869512 -0.492860
1667747494.578995 4.493474 -9.947708 0.389548 -0.020709 0.023930 0.912218 -0.408481
1667747495.579735 4.447432 -9.968494 0.408092 -0.025622 0.019277 0.945050 -0.325350
1667747496.613815 4.451432 -9.974458 0.389987 -0.022494 0.019557 0.962980 -0.267919
1667747498.782053 4.315536 -10.072119 0.395230 -0.029415 0.013394 0.980492 -0.193883
1667747499.782771 4.237573 -10.104634 0.398709 -0.028871 0.013001 0.992090 -0.121472
1667747500.783485 4.173633 -10.076653 0.364361 -0.023013 0.009241 0.998728 -0.043904
1667747501.817558 4.076440 -10.099225 0.361742 -0.023130 0.008475 0.999644 0.010269
1667747502.985085 3.890956 -10.136372 0.333414 -0.020570 0.007230 0.999305 0.030236
1667747504.060838 3.704878 -10.141256 0.340705 -0.023526 0.007937 0.998856 0.040858
1667747505.098330 3.575504 -10.131465 0.321195 -0.019525 0.007967 0.998316 0.054032
1667747506.197709 3.436608 -10.118158 0.328314 -0.021507 0.009797 0.997106 0.072254
1667747507.397027 3.272387 -10.095964 0.331766 -0.026925 0.013133 0.995892 0.085448
1667747508.496451 3.116794 -10.079513 0.317792 -0.018192 0.015911 0.994979 0.097122
1667747509.800182 3.062891 -10.064918 0.315097 -0.021260 0.018763 0.999319 -0.023596
1667747512.105150 2.923227 -10.080891 0.287865 -0.018780 0.017193 0.999662 -0.005307
1667747514.367743 2.718952 -10.090954 0.285955 -0.022277 0.016548 0.999453 0.017982
1667747515.465780 2.580036 -10.090996 0.274880 -0.022320 0.014348 0.999159 0.031276
1667747516.563858 2.437494 -10.100432 0.262371 -0.020980 0.010926 0.998645 0.046362
1667747517.661908 2.301727 -10.093204 0.254424 -0.019239 0.011322 0.998266 0.054462
1667747518.759964 2.152292 -10.082847 0.255015 -0.019620 0.013663 0.997727 0.063010
1667747519.760637 2.020901 -10.072230 0.247304 -0.016912 0.014828 0.997632 0.064990
1667747520.764302 1.884789 -10.074690 0.240872 -0.018156 0.015511 0.996911 0.074820
1667747521.863751 1.748380 -10.066876 0.235890 -0.022925 0.010290 0.995273 0.093809
1667747522.896541 1.646835 -10.050369 0.234843 -0.021214 0.011681 0.996031 0.085653
1667747525.062024 1.439906 -10.049102 0.231284 -0.019722 0.015710 0.998070 0.056744
1667747527.069263 1.246566 -10.022092 0.229957 -0.018451 0.017130 0.999478 0.020241
1667747528.069976 1.095909 -10.021709 0.219572 -0.019075 0.018366 0.999489 0.017926
1667747529.170748 0.946570 -10.032754 0.220614 -0.017368 0.014217 0.999496 0.022438
1667747530.171466 0.824490 -10.041907 0.223254 -0.018173 0.015484 0.999391 0.025432
1667747531.172173 0.666207 -10.024176 0.197995 -0.018919 0.023250 0.999301 0.022356
1667747532.172887 0.536831 -10.037087 0.185221 -0.016628 0.022040 0.999250 0.027134
1667747533.173605 0.390680 -10.020365 0.197959 -0.017936 0.019603 0.999287 0.026805
1667747534.182776 0.242659 -10.017860 0.199941 -0.019530 0.019420 0.999295 0.025511
1667747536.286141 -0.010715 -10.044610 0.147714 -0.013891 0.027285 0.998910 0.035234
1667747539.584959 -0.095212 -10.069541 0.143786 -0.010086 0.029054 0.988669 0.146926
1667747540.596458 -0.128055 -10.021587 0.129083 -0.010373 0.028174 0.976861 0.211756
1667747541.694510 -0.184095 -10.044836 0.138457 -0.012113 0.025843 0.951737 0.305585
1667747543.857337 -0.251110 -10.053720 0.153958 -0.015717 0.022035 0.857069 0.514490
1667747544.888831 -0.307419 -10.026352 0.147791 -0.018172 0.017677 0.780795 0.624273
1667747545.986911 -0.338305 -9.985332 0.130501 -0.022449 0.011727 0.720831 0.692648
1667747547.084976 -0.357166 -9.917972 0.136123 -0.024942 0.011128 0.684444 0.728554
1667747548.149738 -0.309670 -9.800599 0.133674 -0.022244 0.013463 0.651307 0.758368
1667747549.247762 -0.281441 -9.625492 0.100320 -0.023030 0.004441 0.603368 0.797118
1667747551.252556 -0.249697 -9.586530 0.157894 -0.022430 0.014649 0.652501 0.757314
1667747552.351974 -0.243221 -9.462619 0.105157 -0.021162 0.008752 0.654874 0.755391
1667747554.361636 -0.217108 -9.345335 0.076102 -0.018286 0.005251 0.687533 0.725904
1667747556.464088 -0.237986 -9.152512 0.147210 -0.017413 0.017560 0.699487 0.714217
1667747558.564480 -0.171465 -8.867701 0.042826 -0.016503 -0.001307 0.714434 0.699507
1667747559.664011 -0.219099 -8.741218 0.041388 -0.019353 0.000408 0.712884 0.701015
1667747561.863133 -0.303137 -8.580038 0.100415 -0.018194 0.005210 0.606670 0.794728
1667747562.962696 -0.257805 -8.446849 0.052018 -0.017724 -0.002415 0.527094 0.849619
1667747567.360836 -0.301851 -8.410673 0.133745 -0.010435 0.008613 0.594905 0.803683
1667747570.476783 -0.241457 -8.348911 0.053464 -0.017222 -0.004891 0.608362 0.793457
1667747571.479600 -0.168848 -8.379866 0.016873 -0.022338 -0.008276 0.651125 0.758597
1667747572.579011 -0.168617 -8.351921 0.068851 -0.009007 0.007748 0.656526 0.754210
1667747574.589624 -0.194562 -8.209319 0.064909 -0.015719 0.005413 0.655356 0.755137
1667747576.785559 -0.168555 -7.988033 0.056400 -0.016572 0.007732 0.661977 0.749301
1667747577.883608 -0.192571 -7.857919 0.076269 -0.011458 0.009797 0.663059 0.748415
1667747578.983849 -0.211589 -7.728027 0.106444 -0.006411 0.013478 0.662036 0.749323
1667747581.089009 -0.162999 -7.581448 0.093666 -0.003258 0.010874 0.671163 0.741223
1667747583.282393 -0.125412 -7.381878 0.119578 -0.005956 0.017427 0.678252 0.734599
1667747585.382523 -0.129291 -7.142578 0.124738 -0.008198 0.023905 0.684620 0.728462
1667747586.388709 -0.145919 -6.990660 0.122573 -0.008437 0.022240 0.683778 0.729302
1667747587.388888 -0.130363 -6.862058 0.067616 -0.014908 0.011577 0.684506 0.728763
1667747588.485536 -0.140517 -6.750015 0.101576 -0.008447 0.017120 0.687147 0.726268
1667747589.687969 -0.134094 -6.624952 0.095106 -0.004173 0.015739 0.693053 0.720702
1667747590.820481 -0.142583 -6.496330 0.145471 0.006784 0.023099 0.696752 0.716908
1667747591.897962 -0.166178 -6.304905 0.184613 0.008501 0.032744 0.688846 0.724118
1667747592.994633 -0.169409 -6.157357 0.168503 0.004737 0.032464 0.689368 0.723668
1667747594.091323 -0.168207 -6.017561 0.114381 -0.002700 0.024718 0.690251 0.723143
1667747595.156407 -0.115865 -5.891301 0.062952 0.001824 0.016337 0.697323 0.716569
1667747596.159511 -0.145199 -5.739620 0.172410 0.003578 0.037568 0.694114 0.718875
1667747597.160174 -0.174148 -5.590564 0.247577 0.009425 0.047753 0.694140 0.718192
1667747598.168400 -0.106190 -5.496441 0.088128 0.001082 0.021089 0.704459 0.709431
1667747600.361761 -0.105521 -5.223210 0.109142 -0.001856 0.032993 0.667188 0.744156
1667747602.463434 -0.077609 -4.994594 0.156629 0.002078 0.035564 0.674501 0.737414
1667747603.561475 -0.145993 -4.738563 0.107765 0.005780 0.028127 0.662787 0.748257
1667747604.659563 -0.150890 -4.570559 0.001568 0.003190 0.015276 0.660019 0.751087
1667747605.757606 -0.150308 -4.433647 0.022358 0.000198 0.018713 0.661501 0.749711
1667747606.765150 -0.095376 -4.319037 -0.014948 0.001588 0.017365 0.665473 0.746219
1667747607.771237 0.080017 -4.234431 -0.160953 0.004562 -0.000521 0.683257 0.730163
1667747608.870980 0.007310 -4.031785 0.063045 0.005133 0.033176 0.690701 0.722361
1667747609.968982 -0.077019 -3.816860 0.125339 0.008903 0.036888 0.683905 0.728584
1667747611.067022 -0.128628 -3.603744 0.055843 0.001914 0.030957 0.675791 0.736441
1667747612.166360 -0.011161 -3.539772 -0.103941 -0.001733 0.003307 0.685000 0.728533
1667747613.176443 -0.017036 -3.392679 -0.039177 -0.000267 0.013140 0.686512 0.727000
1667747614.180430 0.047043 -3.280077 -0.155119 -0.003030 -0.004181 0.694378 0.719592
1667747615.280437 0.052221 -3.158047 -0.010143 0.008959 0.018355 0.700635 0.713228
1667747616.289212 0.056871 -3.045221 0.066117 0.008263 0.032905 0.706166 0.707233
1667747617.385842 0.051541 -2.863394 0.017706 0.001900 0.025894 0.704381 0.709348
1667747618.482500 -0.036922 -2.579464 0.051014 -0.006142 0.036236 0.683378 0.729139
1667747619.579156 -0.054612 -2.432088 0.079986 0.002498 0.040472 0.685157 0.727266
1667747620.675802 -0.017521 -2.293249 -0.035883 -0.014062 0.022770 0.687847 0.725362
1667747621.679044 -0.047736 -2.111294 -0.034146 -0.017752 0.026074 0.681299 0.731325
1667747622.685360 -0.048384 -1.952521 -0.104488 -0.020038 0.008140 0.678998 0.733821
1667747623.785393 -0.036288 -1.781428 -0.099525 -0.022166 0.015342 0.678312 0.734280
1667747624.882063 -0.020898 -1.659969 -0.115179 -0.023914 0.011941 0.683512 0.729450
1667747625.978719 0.001987 -1.513031 -0.095802 -0.023095 0.016136 0.684836 0.728153
1667747627.075392 0.024973 -1.378355 -0.112585 -0.022087 0.015806 0.688459 0.724766
1667747628.172109 -0.004430 -1.184238 -0.203812 -0.033943 -0.001880 0.681349 0.731169
1667747629.176530 -0.027657 -1.067613 -0.118734 -0.025674 0.013641 0.672119 0.739872
1667747630.274648 0.000243 -0.932541 -0.102535 -0.028810 0.019680 0.673247 0.738594
1667747631.374117 0.043296 -0.789466 -0.118899 -0.025255 0.021452 0.675151 0.736935
1667747632.378707 0.062085 -0.657254 -0.113496 -0.024116 0.023557 0.675600 0.736497
1667747633.478163 0.081699 -0.503573 -0.122049 -0.025039 0.025982 0.676735 0.735342
1667747634.577576 0.101414 -0.364653 -0.131555 -0.021355 0.023706 0.679486 0.732994
1667747635.676975 0.100539 -0.221901 -0.147096 -0.020088 0.023678 0.678826 0.733642
1667747636.776354 0.123951 -0.118720 -0.157221 -0.015420 0.023796 0.680561 0.732142
