1667752156.921681 0.000000 0.000000 0.000000 0.000000 0.000000 0.000000 1.000000
1667752162.116335 0.167380 0.008828 0.012173 -0.001826 -0.006607 -0.002741 0.999973
1667752163.211631 0.260089 0.013153 0.024161 -0.002191 -0.012205 -0.007077 0.999898
1667752164.306870 0.363190 0.026177 0.028374 -0.002997 -0.011050 -0.010140 0.999883
1667752165.309032 0.447986 0.024518 0.033351 -0.000506 -0.010721 -0.010548 0.999887
1667752166.406521 0.600210 0.057266 0.035801 0.000117 -0.009342 -0.014438 0.999852
1667752167.410540 0.735759 0.076111 0.041268 -0.002128 -0.006976 -0.023288 0.999702
1667752168.413988 0.852321 0.104148 0.042384 -0.003499 -0.007966 -0.036259 0.999305
1667752172.523970 1.057057 0.127097 0.041892 -0.004580 -0.010186 -0.058804 0.998207
1667752173.524639 1.158292 0.111667 0.053833 -0.003889 -0.008067 -0.059725 0.998175
1667752174.620665 1.282215 0.108996 0.052229 -0.002986 -0.010342 -0.063810 0.997904
1667752175.622777 1.389658 0.083074 0.064551 -0.003165 -0.009722 -0.065030 0.997831
1667752176.626018 1.508307 0.050927 0.056274 0.000455 -0.006561 -0.063190 0.997980
1667752178.821312 1.684544 0.021254 0.069687 0.000387 -0.014850 -0.060974 0.998029
1667752181.014900 1.816489 -0.016462 0.084789 0.001401 -0.009498 -0.037821 0.999238
1667752183.210840 1.948301 -0.040191 0.086654 -0.000435 -0.008029 0.010620 0.999911
1667752184.218380 2.053160 -0.032901 0.087512 -0.000665 -0.010141 0.012971 0.999864
1667752185.325804 2.180917 -0.030104 0.093040 -0.001164 -0.006062 0.015891 0.999855
1667752186.326650 2.285064 -0.030153 0.082811 0.002034 -0.009979 0.017916 0.999788
1667752187.326980 2.411622 -0.026412 0.086678 0.001029 -0.009195 0.020335 0.999750
1667752188.335839 2.534965 -0.027579 0.078115 0.003943 -0.012851 0.023048 0.999644
1667752189.402880 2.676888 -0.027025 0.078655 0.003561 -0.011801 0.025695 0.999594
1667752190.500057 2.815826 -0.027819 0.078893 0.000401 -0.013269 0.017293 0.999762
1667752191.598997 2.914370 -0.027721 0.090122 0.000810 -0.008992 -0.000865 0.999959
1667752193.697330 3.067093 -0.032391 0.081796 0.003619 -0.010173 -0.012498 0.999864
1667752194.795357 3.202389 -0.061501 0.079804 0.006964 -0.014404 -0.007967 0.999840
1667752195.893336 3.336539 -0.074064 0.082568 0.005564 -0.021325 -0.008727 0.999719
1667752196.991271 3.488251 -0.068374 0.086279 0.006461 -0.018581 -0.010003 0.999756
1667752198.089170 3.644902 -0.062157 0.091990 0.007770 -0.018301 -0.011826 0.999732
1667752199.187258 3.785719 -0.054851 0.098445 0.008563 -0.018488 -0.012544 0.999714
1667752200.189345 3.941209 -0.064052 0.098415 0.007364 -0.020021 -0.013346 0.999683
1667752201.191944 4.098259 -0.082684 0.096406 0.007810 -0.017985 -0.012906 0.999724
1667752202.291357 4.238406 -0.099793 0.103719 0.009208 -0.018640 -0.011250 0.999721
1667752204.297963 4.344364 -0.089483 0.103653 0.011460 -0.018834 -0.088829 0.995803
1667752205.298728 4.389111 -0.086537 0.104466 0.014002 -0.017848 -0.180432 0.983326
1667752206.299438 4.422425 -0.088126 0.098067 0.016317 -0.018443 -0.279927 0.959705
1667752207.300599 4.427767 -0.099803 0.093510 0.017962 -0.019109 -0.358550 0.933142
1667752208.305116 4.461076 -0.129338 0.096200 0.019471 -0.016644 -0.448384 0.893474
1667752209.305441 4.488120 -0.146094 0.093380 0.020390 -0.016924 -0.535902 0.843864
1667752210.305744 4.513224 -0.171075 0.094192 0.020655 -0.015009 -0.630016 0.776162
1667752211.306028 4.516981 -0.192834 0.090560 0.020682 -0.014331 -0.681958 0.730958
1667752212.306311 4.529122 -0.224333 0.092884 0.019973 -0.013069 -0.716087 0.697602
1667752213.306597 4.516619 -0.359516 0.088891 0.020246 -0.013413 -0.745701 0.665838
1667752214.306891 4.510043 -0.524013 0.071970 0.021182 -0.014407 -0.774231 0.632384
1667752215.307198 4.506228 -0.670717 0.064034 0.019680 -0.015650 -0.789140 0.613699
1667752218.308117 4.482685 -0.764069 0.055040 0.017682 -0.016648 -0.739261 0.672981
1667752220.308707 4.502571 -0.896239 0.058743 0.014354 -0.019134 -0.721765 0.691725
1667752222.309301 4.497561 -1.041559 0.076423 0.019697 -0.015715 -0.708562 0.705199
1667752224.345859 4.501547 -1.217209 0.087470 0.016976 -0.018823 -0.699009 0.714663
1667752225.413301 4.527970 -1.334972 0.096939 0.015547 -0.019425 -0.692899 0.720605
1667752226.414024 4.537693 -1.447169 0.109529 0.015233 -0.019767 -0.689774 0.723595
1667752227.517978 4.531169 -1.590451 0.116804 0.017682 -0.018810 -0.685627 0.727495
1667752228.527467 4.522423 -1.716272 0.117384 0.018754 -0.018631 -0.681144 0.731672
1667752229.527759 4.528992 -1.851866 0.121578 0.017669 -0.021521 -0.677246 0.735230
1667752230.528671 4.544423 -1.955434 0.123643 0.016615 -0.021204 -0.676403 0.736039
1667752232.693749 4.574693 -2.156676 0.139824 0.019604 -0.017687 -0.699962 0.713692
1667752233.792941 4.565197 -2.308253 0.141495 0.020521 -0.015653 -0.697225 0.716388
1667752234.892131 4.577278 -2.425244 0.150371 0.020449 -0.014663 -0.704837 0.708923
1667752235.991330 4.569746 -2.568250 0.156812 0.014413 -0.018080 -0.704933 0.708897
1667752237.090535 4.568831 -2.671894 0.169479 0.014332 -0.016667 -0.736158 0.676452
1667752238.189736 4.570219 -2.790883 0.181927 0.020801 -0.012432 -0.741440 0.670581
1667752239.288953 4.543583 -2.945202 0.179407 0.017857 -0.017027 -0.741168 0.670866
1667752240.388714 4.547732 -3.089492 0.187643 0.023377 -0.013825 -0.741945 0.669911
1667752241.399913 4.537235 -3.230793 0.192153 0.023052 -0.014495 -0.742537 0.669251
1667752242.497748 4.523621 -3.366897 0.198449 0.022830 -0.013301 -0.743790 0.667891
1667752243.597212 4.506212 -3.452970 0.204146 0.024792 -0.015268 -0.699802 0.713743
1667752244.601508 4.487686 -3.469325 0.200881 0.024956 -0.017169 -0.630521 0.775581
1667752245.701073 4.500928 -3.495953 0.206903 0.026579 -0.015396 -0.540444 0.840819
1667752251.099032 4.520804 -3.552623 0.204064 0.027332 -0.015207 -0.582369 0.812323
1667752253.297868 4.555630 -3.612153 0.206985 0.027700 -0.015508 -0.622207 0.782209
1667752256.339748 4.606125 -3.763525 0.201603 0.025164 -0.018027 -0.699377 0.714083
1667752258.444683 4.608963 -3.948385 0.196018 0.026016 -0.014771 -0.746451 0.664767
1667752259.510791 4.591890 -4.083498 0.190726 0.027705 -0.014622 -0.763081 0.645543
1667752260.577206 4.588722 -4.191175 0.194576 0.028980 -0.013744 -0.774156 0.632182
1667752261.621135 4.581389 -4.187815 0.199135 0.029079 -0.014564 -0.747245 0.663752
1667752264.828861 4.575716 -4.389662 0.204086 0.029025 -0.014037 -0.730862 0.681763
1667752266.930852 4.587957 -4.587410 0.207895 0.030330 -0.011518 -0.687068 0.725869
1667752268.026491 4.593065 -4.716671 0.213847 0.030920 -0.017202 -0.675200 0.736786
1667752269.122208 4.599998 -4.831449 0.233865 0.031770 -0.019956 -0.668009 0.743207
1667752270.221742 4.639628 -5.041565 0.186002 0.029890 -0.018938 -0.664459 0.746487
1667752271.222137 4.666501 -5.193655 0.154768 0.024916 -0.021711 -0.663442 0.747498
1667752272.319221 4.699533 -5.360332 0.124786 0.023688 -0.022949 -0.674897 0.737174
1667752274.513309 4.708528 -5.576482 0.066595 0.022084 -0.021482 -0.728440 0.684416
1667752275.610291 4.734774 -5.669410 0.060908 0.021750 -0.021369 -0.776484 0.629398
1667752279.691357 4.714690 -5.936492 -0.064798 0.018098 -0.022969 -0.759248 0.650144
1667752281.794693 4.709284 -6.206784 -0.185373 0.009939 -0.025774 -0.719063 0.694396
1667752282.895660 4.753484 -6.459939 -0.327628 0.003140 -0.029629 -0.720089 0.693242
1667752283.906189 4.770719 -6.688169 -0.450560 -0.003437 -0.031366 -0.716525 0.696847
1667752285.004278 4.786331 -6.838882 -0.492874 -0.012303 -0.034923 -0.714310 0.698849
1667752286.102366 4.799844 -7.053898 -0.599649 -0.017540 -0.036093 -0.713320 0.699689
1667752287.200430 4.795889 -7.114781 -0.521065 -0.017000 -0.037247 -0.711276 0.701720
1667752288.298490 4.810560 -7.227363 -0.481065 -0.016991 -0.038831 -0.710815 0.702101
1667752289.396559 4.818624 -7.347333 -0.453419 -0.009992 -0.034803 -0.708410 0.704872
1667752290.494634 4.824266 -7.481009 -0.426194 -0.011871 -0.036519 -0.706246 0.706925
1667752291.592693 4.831289 -7.611696 -0.412919 -0.014183 -0.033972 -0.706285 0.706970
1667752292.602227 4.846731 -7.721143 -0.388116 -0.018431 -0.031071 -0.706183 0.707107
1667752293.605452 4.875196 -7.869150 -0.379787 -0.014714 -0.031241 -0.704887 0.708478
1667752294.703993 4.905721 -8.022894 -0.370541 -0.009701 -0.030927 -0.704005 0.709455
1667752295.802553 4.942635 -8.160769 -0.352905 -0.007615 -0.030787 -0.731256 0.681366
1667752296.901150 4.975197 -8.291565 -0.349598 -0.006383 -0.030630 -0.744247 0.667172
1667752297.999743 4.983593 -8.453715 -0.340668 -0.013986 -0.035169 -0.747924 0.662704
1667752299.099856 4.983566 -8.589887 -0.322144 -0.010532 -0.030975 -0.741711 0.669922
1667752300.104866 4.967241 -8.693034 -0.315539 -0.011084 -0.032682 -0.716890 0.696332
1667752301.204849 4.985878 -8.835938 -0.307896 -0.013244 -0.034122 -0.716401 0.696728
1667752302.304822 4.988516 -8.991636 -0.295388 -0.011693 -0.031803 -0.715951 0.697328
1667752303.404802 4.973984 -9.146324 -0.278296 -0.011953 -0.033333 -0.715149 0.698075
1667752304.504764 4.985409 -9.316684 -0.267697 -0.011376 -0.035035 -0.714383 0.698785
1667752305.604733 4.991760 -9.433820 -0.238550 -0.009572 -0.033468 -0.714004 0.699276
1667752306.704667 5.011969 -9.560810 -0.204797 -0.006055 -0.029893 -0.714562 0.698907
1667752307.804610 5.042213 -9.687910 -0.179068 -0.003440 -0.028269 -0.713544 0.700031
1667752308.809086 5.062271 -9.798630 -0.145425 0.000739 -0.024362 -0.714210 0.699507
1667752309.810141 5.074488 -9.905443 -0.131054 0.002165 -0.024351 -0.735201 0.677408
1667752310.810900 5.082913 -10.030499 -0.104233 0.001490 -0.023111 -0.738382 0.673985
1667752311.911745 5.082404 -10.177493 -0.089643 -0.000678 -0.029172 -0.737880 0.674301
1667752312.912542 5.050076 -10.318255 -0.083670 0.003133 -0.025647 -0.739111 0.673088
1667752313.913280 5.043619 -10.461649 -0.087728 0.002853 -0.023913 -0.740881 0.671205
1667752314.914020 5.043426 -10.537898 -0.085162 0.002700 -0.025246 -0.801889 0.596934
1667752315.914773 5.039096 -10.579350 -0.095620 -0.003003 0.025749 0.877227 -0.479376
1667752316.915540 5.034091 -10.632325 -0.098427 -0.003885 0.024625 0.922069 -0.386223
1667752317.916277 5.007266 -10.670098 -0.101355 -0.006374 0.022851 0.956518 -0.290708
1667752318.917057 4.974023 -10.712156 -0.114715 -0.007956 0.022217 0.982036 -0.187213
1667752319.917824 4.938801 -10.723846 -0.116483 -0.010223 0.021568 0.995973 -0.086415
1667752321.018664 4.906935 -10.754997 -0.121651 -0.011574 0.020858 0.999577 -0.016646
1667752323.086940 4.703792 -10.765800 -0.138308 -0.012994 0.018648 0.996934 0.074874
1667752324.089592 4.600160 -10.756124 -0.140249 -0.011519 0.017414 0.992863 0.117419
1667752326.200363 4.593198 -10.719924 -0.133305 -0.012356 0.018460 0.997833 0.061928
1667752328.399277 4.365611 -10.722665 -0.133181 -0.011351 0.019328 0.998651 0.046835
1667752330.598209 4.139997 -10.684171 -0.132966 -0.008387 0.020924 0.999395 0.026469
1667752332.797096 3.913284 -10.651687 -0.103213 -0.013290 0.021677 0.999568 0.014711
1667752333.799416 3.780337 -10.632067 -0.091368 -0.011214 0.023448 0.999620 0.009231
1667752334.899247 3.634924 -10.614756 -0.093618 -0.013201 0.020746 0.999673 0.006984
1667752335.998311 3.493047 -10.601094 -0.085520 -0.011774 0.020957 0.999706 0.003313
1667752337.097406 3.343338 -10.598749 -0.083510 -0.015609 0.020431 0.999669 -0.001084
1667752338.196485 3.188629 -10.584920 -0.077418 -0.014458 0.016873 0.999748 -0.003083
1667752339.295578 3.044790 -10.600000 -0.085711 -0.014484 0.013523 0.999795 -0.004268
1667752340.296879 2.898961 -10.589691 -0.085309 -0.014244 0.015515 0.999744 -0.008235
1667752341.301851 2.752130 -10.594657 -0.086309 -0.011597 0.016660 0.999746 -0.009841
1667752342.302303 2.606803 -10.592783 -0.086198 -0.011121 0.018836 0.999746 -0.005350
1667752344.303217 2.378599 -10.589559 -0.097272 -0.014788 0.013903 0.999287 0.031834
1667752345.303674 2.230247 -10.576095 -0.101105 -0.011680 0.013355 0.999332 0.031944
1667752346.304123 2.086896 -10.570504 -0.108891 -0.006370 0.016534 0.999387 0.030183
1667752347.304544 1.945366 -10.551747 -0.106363 -0.006959 0.018592 0.999410 0.028017
1667752348.304959 1.801113 -10.541885 -0.111964 -0.010165 0.017845 0.999374 0.028824
1667752349.305953 1.660010 -10.556759 -0.118596 -0.006482 0.016237 0.999405 0.029726
1667752350.307932 1.518689 -10.546805 -0.116534 -0.004475 0.016386 0.999429 0.029219
1667752351.308694 1.377439 -10.539797 -0.126036 -0.004544 0.018493 0.999401 0.028897
1667752352.309455 1.233648 -10.529425 -0.133822 -0.006772 0.018751 0.999382 0.028946
1667752353.310211 1.078029 -10.510372 -0.134323 -0.008415 0.018223 0.999394 0.028442
1667752354.310947 0.935572 -10.519637 -0.132664 -0.007883 0.018246 0.999273 0.032520
1667752355.311694 0.788303 -10.500199 -0.133438 -0.004895 0.018459 0.999263 0.033312
1667752356.312454 0.654778 -10.497117 -0.131465 -0.008149 0.019283 0.999248 0.032647
1667752357.313224 0.534005 -10.494199 -0.124138 -0.005653 0.018667 0.999344 0.030508
1667752358.313987 0.450381 -10.513878 -0.100598 -0.006077 0.018950 0.999303 0.031583
1667752362.427989 0.444481 -10.500399 -0.127663 -0.006852 0.019046 0.996311 0.083396
1667752364.626870 0.424566 -10.527123 -0.127156 -0.006662 0.018168 0.986256 0.164088
1667752367.891931 0.425335 -10.501740 -0.137742 -0.006082 0.018398 0.983388 0.180478
1667752378.608181 0.328619 -10.446967 -0.128889 -0.008303 0.019535 0.973180 0.229066
1667752379.707568 0.210899 -10.450468 -0.129471 -0.010709 0.019434 0.956170 0.291969
1667752380.807036 0.204014 -10.403011 -0.144220 -0.010255 0.018190 0.934228 0.356065
1667752381.906483 0.171087 -10.391520 -0.153391 -0.010309 0.016426 0.907435 0.419745
1667752383.005876 0.161029 -10.365890 -0.153570 -0.011019 0.014969 0.873010 0.487349
1667752384.014068 0.128329 -10.361803 -0.154691 -0.011773 0.013805 0.846449 0.532161
1667752385.014284 0.114168 -10.360783 -0.160811 -0.011622 0.011580 0.811626 0.583947
1667752386.112590 0.107589 -10.326156 -0.153982 -0.011752 0.010600 0.776835 0.629505
1667752387.210925 0.073112 -10.293604 -0.184434 -0.010765 0.009586 0.723678 0.689988
1667752388.309308 -0.020950 -10.258162 -0.239648 -0.009021 0.009547 0.673483 0.739086
1667752389.407718 0.091932 -10.156890 -0.177532 -0.011028 0.008149 0.640497 0.767838
1667752390.506100 0.136987 -10.043970 -0.168498 -0.012953 0.006990 0.620630 0.783965
1667752391.604480 0.178233 -9.926837 -0.178404 -0.010709 0.002726 0.593838 0.804509
1667752392.702851 0.220289 -9.770478 -0.194170 -0.007698 -0.001205 0.569028 0.822281
1667752394.708047 0.213261 -9.693699 -0.175664 -0.009047 0.002694 0.621094 0.783680
1667752395.774442 0.253097 -9.646140 -0.169959 -0.007783 0.002072 0.636559 0.771186
1667752397.907220 0.234455 -9.380963 -0.165399 -0.007956 0.004201 0.662365 0.749127
1667752399.006920 0.202023 -9.258932 -0.154252 -0.007347 0.001731 0.667719 0.744375
1667752400.011809 0.169931 -9.133484 -0.155835 -0.007567 0.001806 0.670999 0.741417
1667752402.014096 0.167014 -8.984140 -0.161383 -0.008569 0.005763 0.763771 0.645405
1667752405.016380 0.123537 -8.898840 -0.153398 -0.008433 0.003657 0.715777 0.698269
1667752407.017942 0.104213 -8.703079 -0.149047 -0.006822 0.001243 0.682879 0.730498
1667752409.086215 0.116532 -8.484273 -0.141779 -0.009730 -0.000180 0.644208 0.764788
1667752411.087780 0.113400 -8.404222 -0.136668 -0.007858 -0.000246 0.686114 0.727451
1667752413.089306 0.099712 -8.215061 -0.126401 -0.006187 -0.001433 0.700202 0.713916
1667752414.090043 0.055048 -8.097511 -0.114160 -0.003074 -0.005001 0.704329 0.709849
1667752415.090806 0.027821 -7.976591 -0.107342 -0.002253 -0.005051 0.708598 0.705590
1667752416.091593 -0.012402 -7.827472 -0.148597 -0.003099 -0.005684 0.710436 0.703732
1667752417.092322 0.004424 -7.689739 -0.144484 -0.009024 -0.002457 0.714658 0.699411
1667752418.093060 0.007951 -7.564772 -0.128791 -0.008492 -0.000473 0.719431 0.694512
1667752419.093802 0.028434 -7.421653 -0.138450 -0.011885 0.000999 0.727241 0.686278
1667752420.094563 0.041324 -7.297598 -0.143586 -0.009893 0.001513 0.732650 0.680532
1667752421.095314 0.056614 -7.181327 -0.155095 -0.010928 0.000343 0.727016 0.686534
1667752423.096836 0.055623 -7.012181 -0.154561 -0.009157 -0.000130 0.702923 0.711207
1667752424.097611 0.061863 -6.883813 -0.141669 -0.009208 0.002145 0.705616 0.708531
1667752425.098379 0.075917 -6.763535 -0.139543 -0.007339 0.000385 0.704205 0.709959
1667752426.110223 0.071387 -6.672609 -0.142107 -0.007042 0.001012 0.697951 0.716110
1667752427.111389 0.097022 -6.565551 -0.148135 -0.007040 0.000891 0.695859 0.718144
1667752428.210812 0.132128 -6.441092 -0.149644 -0.005639 0.001899 0.696977 0.717069
1667752429.310275 0.134996 -6.289161 -0.147145 -0.006882 0.001589 0.696623 0.717403
1667752430.409707 0.110895 -6.159130 -0.128774 -0.008259 0.002222 0.694954 0.719003
1667752431.509168 0.130873 -6.075069 -0.124552 -0.006947 0.000777 0.633442 0.773758
1667752432.608632 0.196148 -5.995565 -0.077863 -0.009098 0.001618 0.629370 0.777051
1667752433.708082 0.198454 -5.820505 -0.093700 -0.007336 -0.001149 0.626543 0.779351
1667752434.807544 0.231898 -5.668577 -0.100255 -0.008036 -0.000528 0.625225 0.780403
1667752435.906995 0.245671 -5.570684 -0.103634 -0.009316 0.004149 0.677378 0.735565
1667752437.006466 0.236885 -5.448064 -0.106107 -0.010794 0.003998 0.689371 0.724317
1667752438.105923 0.226418 -5.279053 -0.097192 -0.007313 -0.002194 0.689179 0.724551
1667752439.205396 0.211546 -5.113452 -0.077135 -0.008374 0.000301 0.690511 0.723273
1667752440.304861 0.157988 -4.963410 -0.067584 -0.006062 -0.003105 0.692092 0.721777
1667752441.305006 0.101394 -4.887967 -0.054278 -0.008239 0.001926 0.734400 0.678664
1667752442.411616 0.076657 -4.751125 -0.048540 -0.009211 0.001908 0.738456 0.674236
1667752443.412414 0.147449 -4.577781 -0.063584 -0.010210 0.002326 0.742990 0.669220
1667752444.413176 0.108796 -4.403428 -0.062040 -0.009529 0.004479 0.745852 0.666028
1667752445.413959 0.070623 -4.327595 -0.067815 -0.011384 0.003981 0.702071 0.712005
1667752446.414720 0.080273 -4.311790 -0.083999 -0.010860 0.001144 0.637059 0.770738
1667752447.415492 0.076416 -4.271385 -0.081977 -0.009208 -0.000105 0.571239 0.820732
1667752451.518613 0.107894 -4.193407 -0.078728 -0.007852 0.001483 0.628928 0.777423
1667752452.586074 0.123552 -4.139740 -0.090323 -0.005630 -0.000269 0.640853 0.767643
1667752453.586824 0.167037 -4.106490 -0.091364 -0.004537 -0.001366 0.689727 0.724054
1667752455.688412 0.140315 -3.955010 -0.078271 -0.006848 0.002174 0.699990 0.714117
1667752457.689912 0.165593 -3.774149 -0.093030 -0.006226 0.002076 0.710744 0.703420
1667752458.690645 0.115658 -3.618496 -0.094067 -0.008231 0.002739 0.713297 0.700808
1667752459.696403 0.098624 -3.480452 -0.097779 -0.007537 0.003365 0.717225 0.696793
1667752460.704187 0.149528 -3.348007 -0.097152 -0.007348 0.001643 0.725477 0.688206
1667752461.803630 0.153833 -3.201224 -0.095376 -0.006395 0.000824 0.728857 0.684636
1667752462.903069 0.156118 -3.073624 -0.089509 -0.005631 0.002015 0.732613 0.680619
1667752464.002492 0.103549 -2.981099 -0.091215 -0.008578 0.001699 0.720984 0.692897
1667752465.101917 0.102595 -2.884510 -0.098932 -0.006985 0.001266 0.705539 0.708636
1667752466.201370 0.091274 -2.772258 -0.101416 -0.004196 -0.000060 0.700780 0.713365
1667752467.300845 0.062453 -2.657400 -0.104759 -0.002474 -0.002425 0.696659 0.717394
1667752468.400321 0.060943 -2.491546 -0.098983 -0.005602 0.002903 0.695847 0.718162
1667752469.499796 0.027216 -2.381448 -0.105453 -0.003901 0.000980 0.640713 0.767770
1667752470.599268 0.023695 -2.344948 -0.101670 -0.000668 -0.003010 0.561019 0.827797
1667752474.997121 0.040880 -2.280938 -0.099250 -0.000713 -0.005657 0.606468 0.795087
1667752478.038736 0.087365 -2.189995 -0.088299 -0.003765 -0.004308 0.647297 0.762216
1667752480.106987 0.095212 -2.041732 -0.087277 -0.005846 -0.001731 0.663877 0.747817
1667752482.108475 0.116685 -1.907431 -0.080544 -0.007311 -0.001736 0.683155 0.730235
1667752484.110004 0.117289 -1.722179 -0.079272 -0.008449 0.000040 0.691121 0.722690
1667752485.110745 0.101683 -1.593048 -0.079707 -0.004992 -0.003137 0.693628 0.720309
1667752486.121181 0.099382 -1.460253 -0.083148 -0.005523 -0.003376 0.695580 0.718420
1667752487.123853 0.129664 -1.336335 -0.081986 -0.005142 -0.000967 0.700311 0.713819
1667752488.223264 0.116179 -1.159949 -0.075463 -0.005324 -0.002280 0.703054 0.711113
1667752489.322689 0.091674 -0.996518 -0.067325 -0.002144 -0.005152 0.706013 0.708177
1667752490.422128 0.077652 -0.830718 -0.045441 -0.001858 -0.004438 0.709333 0.704857
1667752491.521583 0.079694 -0.666619 -0.030021 -0.002633 -0.001667 0.712496 0.701669
1667752492.522765 0.093576 -0.481627 -0.032429 -0.002615 -0.003254 0.712527 0.701633
1667752493.533032 0.065337 -0.370510 0.008141 -0.002828 0.000296 0.714136 0.700002
1667752494.597827 0.050268 -0.227398 0.019665 0.002430 0.000686 0.716751 0.697325
1667752495.629343 0.036264 -0.124864 0.019320 0.003529 0.000874 0.679792 0.733396
1667752496.694163 0.048862 -0.068041 0.024801 -0.000120 0.001068 0.594088 0.804400
1667752497.792262 0.039345 -0.050305 0.031805 -0.000506 0.000052 0.509843 0.860267
1667752498.793774 0.060409 -0.004259 0.038810 -0.000988 0.000120 0.418394 0.908265
1667752499.797891 0.059204 0.001841 0.039716 -0.000130 0.001495 0.333960 0.942586
1667752500.898405 0.038423 0.058532 0.015824 -0.002679 0.001365 0.223767 0.974638
1667752501.906014 0.052196 0.068837 0.011576 -0.002084 -0.000923 0.091098 0.995839
1667752502.915544 0.118308 0.068369 0.008039 -0.001483 -0.004854 -0.000802 0.999987
1667752504.011769 0.237804 0.076835 0.015596 -0.001050 -0.011495 -0.053551 0.998498
1667752505.108115 0.356816 0.064665 0.017899 -0.003408 -0.013235 -0.095905 0.995297
1667752506.204528 0.450163 0.050762 0.024698 -0.001205 -0.012093 -0.105531 0.994342
1667752507.300941 0.451667 0.046921 0.025880 -0.001456 -0.011688 -0.043823 0.998970
1667752509.399575 0.593098 0.073931 0.031362 -0.000464 -0.009598 -0.020990 0.999734
1667752510.465716 0.726665 0.104095 0.040317 -0.002008 -0.007392 -0.016786 0.999830
1667752511.496998 0.862479 0.126559 0.041844 -0.003606 -0.008494 -0.012799 0.999876
1667752512.534869 0.985440 0.146754 0.044335 -0.004085 -0.008333 -0.002953 0.999953
1667752513.539983 1.111372 0.168106 0.054823 -0.003387 -0.007706 0.002072 0.999962
1667752515.551156 1.312071 0.159464 0.065740 -0.003397 -0.008822 -0.032404 0.999430
1667752516.557953 1.435514 0.129570 0.059927 -0.002418 -0.010265 -0.026555 0.999592
1667752517.560341 1.557587 0.105543 0.059635 -0.001633 -0.009512 -0.022918 0.999691
1667752518.560795 1.683445 0.101229 0.069728 -0.000974 -0.014822 -0.022643 0.999633
1667752519.659876 1.812009 0.084595 0.075937 0.000150 -0.014173 -0.020575 0.999688
1667752520.722907 1.947369 0.080569 0.087003 0.000575 -0.005072 -0.018934 0.999808
1667752521.756975 2.078334 0.072176 0.089200 0.000222 -0.009125 -0.012841 0.999876
1667752522.961660 2.241225 0.056056 0.087988 0.001411 -0.007512 -0.006671 0.999949
1667752523.964825 2.382850 0.063902 0.075400 0.001007 -0.012853 -0.004610 0.999906
1667752524.967333 2.510231 0.050657 0.074908 0.002981 -0.012077 -0.000920 0.999922
1667752526.065514 2.654872 0.048211 0.071819 0.002978 -0.014080 0.000508 0.999896
1667752527.158286 2.793898 0.064072 0.083282 0.000554 -0.010030 -0.024903 0.999639
1667752529.314416 3.040803 0.027241 0.080975 0.001230 -0.010917 -0.070734 0.997435
1667752530.413370 3.168685 -0.023871 0.076120 0.005641 -0.012479 -0.035390 0.999280
1667752531.513310 3.271122 -0.050791 0.078771 0.005444 -0.020297 -0.013348 0.999690
1667752532.514150 3.402635 -0.048945 0.080206 0.005407 -0.024210 -0.013087 0.999607
1667752533.515889 3.541913 -0.043374 0.082087 0.006454 -0.017856 -0.012156 0.999746
1667752534.613396 3.696868 -0.046111 0.084914 0.006742 -0.019670 -0.009273 0.999741
1667752535.710785 3.853336 -0.068475 0.090232 0.006572 -0.020342 -0.006968 0.999747
1667752536.808048 4.033323 -0.058928 0.089230 0.006069 -0.018204 -0.009408 0.999772
1667752537.908475 4.170622 -0.070898 0.096978 0.008238 -0.017456 -0.007904 0.999783
1667752538.915580 4.248703 -0.071522 0.099984 0.010771 -0.019844 -0.068979 0.997363
1667752540.921968 4.392348 -0.073809 0.106163 0.014044 -0.017734 -0.194134 0.980714
1667752541.925015 4.437041 -0.075328 0.103485 0.016660 -0.018480 -0.301981 0.952989
1667752542.925082 4.457204 -0.110190 0.097366 0.018622 -0.019281 -0.402014 0.915241
1667752543.925154 4.479893 -0.142253 0.091058 0.019553 -0.018078 -0.487547 0.872690
1667752544.925244 4.510930 -0.160285 0.092571 0.019822 -0.015283 -0.585890 0.810004
1667752545.925361 4.532474 -0.248766 0.088149 0.020884 -0.015186 -0.647061 0.762001
1667752546.925472 4.564164 -0.378085 0.087368 0.017652 -0.015302 -0.699720 0.714035
1667752547.925557 4.570854 -0.533126 0.077642 0.019214 -0.018101 -0.725610 0.687600
1667752549.492381 4.572925 -0.779514 0.068529 0.016763 -0.017699 -0.761822 0.647327
1667752550.559144 4.558439 -0.920355 0.064943 0.012813 -0.017878 -0.789922 0.612813
1667752552.759291 4.525723 -1.002904 0.076652 0.018169 -0.016086 -0.729779 0.683252
1667752554.763483 4.535655 -1.133322 0.085485 0.017431 -0.019451 -0.689687 0.723636
1667752555.764241 4.542713 -1.229177 0.091187 0.018170 -0.018883 -0.679406 0.733295
1667752557.865858 4.588031 -1.345484 0.099276 0.015942 -0.019529 -0.736764 0.675680
1667752558.866626 4.559920 -1.459407 0.098766 0.015586 -0.019185 -0.742760 0.669101
1667752559.867376 4.540771 -1.563405 0.103656 0.015750 -0.019848 -0.750315 0.660595
1667752561.001577 4.521463 -1.669950 0.111692 0.018886 -0.017491 -0.756520 0.653464
1667752563.169894 4.503504 -1.788004 0.119611 0.018500 -0.019180 -0.727756 0.685319
1667752565.271516 4.515044 -1.965073 0.129480 0.018270 -0.019571 -0.734367 0.678225
1667752567.381168 4.504401 -2.118461 0.129840 0.018425 -0.020153 -0.734972 0.677548
1667752569.484996 4.494127 -2.299975 0.140640 0.020463 -0.015277 -0.739500 0.672672
1667752570.486841 4.472064 -2.393660 0.149677 0.021161 -0.013166 -0.733935 0.678762
1667752572.586118 4.470699 -2.553694 0.161049 0.013793 -0.014455 -0.724174 0.689328
1667752574.884192 4.472025 -2.711849 0.169286 0.014311 -0.014485 -0.694847 0.718869
1667752575.983323 4.460027 -2.854341 0.172958 0.017468 -0.012345 -0.692951 0.720667
1667752577.082429 4.471110 -2.992355 0.184913 0.019774 -0.015028 -0.690680 0.722734
1667752578.181552 4.478864 -3.131851 0.190895 0.021949 -0.015251 -0.688142 0.725084
1667752579.280640 4.491509 -3.278828 0.196948 0.022963 -0.015008 -0.686839 0.726292
1667752580.379727 4.501027 -3.420560 0.194184 0.022603 -0.016521 -0.686083 0.726985
1667752581.478807 4.509173 -3.567172 0.196507 0.025708 -0.014457 -0.684003 0.728883
1667752582.577876 4.530862 -3.723201 0.194115 0.026614 -0.016789 -0.682913 0.729822
1667752583.583051 4.543794 -3.855868 0.191136 0.025304 -0.020250 -0.683608 0.729129
1667752584.584747 4.576333 -3.985617 0.205818 0.029732 -0.015599 -0.683499 0.729179
1667752585.585164 4.585997 -4.129221 0.207928 0.027956 -0.016199 -0.681388 0.731209
1667752586.587144 4.596916 -4.282063 0.209720 0.029042 -0.016492 -0.680629 0.731867
1667752587.597738 4.617723 -4.422721 0.211548 0.027191 -0.013649 -0.690833 0.722374
1667752588.600621 4.640516 -4.550683 0.209815 0.028870 -0.010570 -0.720319 0.692961
1667752589.700057 4.634851 -4.713684 0.209325 0.031048 -0.014992 -0.718982 0.694173
1667752590.799466 4.635427 -4.884312 0.199414 0.031329 -0.018922 -0.718940 0.694107
1667752591.799945 4.635259 -5.069704 0.165113 0.028725 -0.018736 -0.722203 0.690831
1667752592.899380 4.647930 -5.332586 0.096522 0.023960 -0.022386 -0.723813 0.689217
1667752593.998746 4.649359 -5.525890 0.066818 0.020835 -0.023107 -0.720942 0.692296
1667752595.098098 4.665017 -5.672595 0.044063 0.017367 -0.022432 -0.712947 0.700644
1667752596.197468 4.655666 -5.883971 -0.053327 0.016860 -0.024186 -0.682350 0.730431
1667752597.296812 4.685374 -6.079381 -0.152258 0.010176 -0.026331 -0.658691 0.751884
1667752598.396159 4.726624 -6.299714 -0.232261 0.005596 -0.029427 -0.660565 0.750171
1667752599.462186 4.786603 -6.501303 -0.323959 0.001276 -0.030612 -0.700779 0.712720
1667752600.561543 4.816642 -6.672177 -0.353283 -0.005957 -0.031448 -0.706753 0.706736
1667752601.660882 4.829984 -6.893740 -0.424356 -0.008700 -0.034314 -0.707927 0.705398
1667752602.760177 4.855563 -7.116956 -0.485965 -0.015961 -0.037268 -0.710730 0.702295
1667752603.766247 4.854478 -7.256794 -0.478742 -0.016099 -0.037403 -0.711843 0.701157
1667752604.767658 4.871237 -7.381638 -0.451781 -0.010197 -0.035492 -0.712438 0.700763
1667752605.768320 4.879866 -7.506340 -0.429656 -0.011274 -0.036586 -0.714238 0.698856
1667752606.768957 4.869058 -7.625004 -0.410789 -0.012291 -0.033174 -0.716261 0.696935
1667752607.770104 4.896527 -7.758057 -0.395878 -0.018513 -0.032979 -0.718377 0.694625
1667752608.770936 4.924508 -7.902183 -0.379270 -0.015642 -0.032951 -0.719829 0.693192
1667752609.771745 4.952073 -8.051546 -0.371979 -0.010511 -0.030453 -0.721553 0.691610
1667752610.782199 4.960184 -8.202924 -0.357419 -0.006828 -0.030378 -0.720025 0.693249
1667752611.783870 4.987278 -8.346529 -0.342963 -0.012638 -0.034009 -0.721345 0.691625
1667752612.792133 4.998700 -8.507138 -0.333218 -0.013796 -0.035514 -0.723139 0.689651
1667752613.793897 5.013556 -8.655535 -0.320953 -0.010951 -0.032877 -0.725729 0.687107
1667752614.892055 5.035636 -8.818358 -0.312476 -0.011648 -0.035364 -0.727292 0.685317
1667752615.990248 5.028951 -8.993237 -0.297999 -0.011467 -0.033585 -0.727091 0.685623
1667752617.088506 5.002701 -9.148685 -0.285662 -0.012377 -0.034738 -0.725663 0.687061
1667752618.186809 5.006721 -9.307890 -0.267873 -0.011484 -0.035693 -0.725346 0.687363
1667752619.285122 5.038185 -9.442112 -0.239823 -0.009573 -0.034544 -0.726267 0.686478
1667752620.383460 5.034524 -9.574157 -0.209727 -0.006745 -0.029782 -0.727204 0.685742
1667752621.481808 5.057319 -9.717963 -0.186894 -0.003935 -0.028928 -0.727234 0.685768
1667752622.580138 5.058296 -9.829328 -0.141231 0.000905 -0.025794 -0.727505 0.685616
1667752623.678442 5.083666 -9.970157 -0.113629 -0.000250 -0.023608 -0.731898 0.681006
1667752624.776726 5.082624 -10.117749 -0.094882 -0.000469 -0.025499 -0.732181 0.680632
1667752625.874997 5.075130 -10.281266 -0.094033 0.001277 -0.027265 -0.733151 0.679518
1667752626.879260 5.047796 -10.419567 -0.092907 0.004040 -0.022898 -0.743733 0.668072
1667752627.879824 5.068327 -10.469374 -0.093636 0.004241 -0.024340 -0.823499 0.566779
1667752628.885200 5.052501 -10.527103 -0.104202 -0.004064 0.025826 0.891861 -0.451553
1667752629.896866 5.025214 -10.605980 -0.102020 -0.005132 0.024628 0.937604 -0.346793
1667752630.899241 4.990497 -10.650921 -0.111264 -0.007294 0.023456 0.968717 -0.246950
1667752631.965335 4.945416 -10.691050 -0.118422 -0.009489 0.022484 0.990534 -0.135079
1667752632.998122 4.891564 -10.731679 -0.127371 -0.010360 0.022018 0.999105 -0.034590
1667752634.097526 4.799866 -10.744128 -0.129943 -0.012125 0.020683 0.999175 0.032792
1667752635.196971 4.660027 -10.745389 -0.146095 -0.011796 0.018859 0.995412 0.093063
1667752638.462022 4.499034 -10.712562 -0.139580 -0.011068 0.017584 0.997103 0.073167
1667752639.494844 4.379525 -10.702371 -0.137639 -0.013122 0.019711 0.998277 0.053679
1667752641.693755 4.190303 -10.675349 -0.137799 -0.008481 0.021321 0.999198 0.032809
1667752642.759887 4.063312 -10.664389 -0.135795 -0.008256 0.020161 0.999326 0.029558
1667752643.859332 3.932361 -10.634371 -0.111863 -0.014676 0.021483 0.999343 0.025231
1667752644.958735 3.787022 -10.599085 -0.094366 -0.013074 0.023509 0.999471 0.018259
1667752645.964767 3.656177 -10.588729 -0.094239 -0.012879 0.020787 0.999545 0.017664
1667752646.966386 3.515858 -10.570075 -0.090021 -0.013707 0.020402 0.999568 0.016138
1667752647.967143 3.377240 -10.560518 -0.088203 -0.014909 0.021430 0.999628 0.007907
1667752648.967881 3.236356 -10.550099 -0.089184 -0.011820 0.019391 0.999724 0.005949
1667752649.968642 3.094443 -10.552279 -0.088878 -0.011280 0.015753 0.999797 0.005576
1667752650.969378 2.948626 -10.547128 -0.085125 -0.015747 0.014840 0.999764 0.001917
1667752651.970132 2.806151 -10.547863 -0.088399 -0.013185 0.015375 0.999794 0.000993
1667752652.981184 2.666821 -10.548998 -0.087351 -0.010637 0.017463 0.999790 -0.001218
1667752653.983169 2.523226 -10.549779 -0.092658 -0.008251 0.017006 0.999821 -0.001191
1667752655.082505 2.363689 -10.549861 -0.102091 -0.014238 0.013843 0.999800 -0.002259
1667752656.182036 2.205851 -10.540835 -0.096737 -0.011237 0.013672 0.999825 -0.006123
1667752657.381444 2.063736 -10.547032 -0.111569 -0.007760 0.017123 0.999539 0.023839
1667752658.480906 1.923562 -10.531306 -0.112427 -0.006638 0.019029 0.999388 0.028608
1667752659.580368 1.764986 -10.519420 -0.119669 -0.011633 0.017530 0.999208 0.033763
1667752660.679814 1.601049 -10.520709 -0.117591 -0.006790 0.014293 0.999080 0.039860
1667752661.779289 1.441718 -10.516090 -0.126352 -0.005357 0.017079 0.998973 0.041619
1667752662.878752 1.283976 -10.499097 -0.135553 -0.007714 0.020028 0.998827 0.043410
1667752663.978205 1.117986 -10.475167 -0.136204 -0.007632 0.019439 0.998752 0.045373
1667752665.077615 0.961002 -10.482355 -0.134132 -0.007234 0.017696 0.998597 0.049384
1667752666.177052 0.799781 -10.458347 -0.137416 -0.006661 0.019600 0.998600 0.048688
1667752667.276479 0.652131 -10.452561 -0.133381 -0.006348 0.019965 0.998191 0.056349
1667752668.276846 0.589630 -10.435194 -0.143488 -0.007704 0.018184 0.983974 0.177215
1667752669.283127 0.480643 -10.409133 -0.137726 -0.007803 0.019933 0.964514 0.263162
1667752670.283877 0.374361 -10.359992 -0.139943 -0.011644 0.020685 0.936499 0.349867
1667752671.284598 0.305139 -10.286027 -0.157107 -0.010644 0.017116 0.869502 0.493518
1667752672.285344 0.254251 -10.283627 -0.160754 -0.012200 0.013990 0.802894 0.595833
1667752673.286077 0.217030 -10.239730 -0.169089 -0.011905 0.010933 0.707771 0.706257
1667752674.286812 0.204977 -10.146431 -0.163006 -0.010654 0.008081 0.655026 0.755488
1667752677.289077 0.220443 -9.990197 -0.164804 -0.013007 0.006661 0.689152 0.724469
1667752678.289850 0.240367 -9.877495 -0.169494 -0.009581 0.004938 0.689703 0.724012
1667752679.290618 0.234049 -9.772199 -0.165295 -0.009969 0.005225 0.690387 0.723352
1667752680.291362 0.233830 -9.647367 -0.159886 -0.008507 0.004269 0.690832 0.722952
1667752681.292104 0.212256 -9.508319 -0.161361 -0.008666 0.005990 0.690354 0.723395
1667752682.292854 0.206709 -9.375190 -0.162174 -0.007793 0.005541 0.690864 0.722922
1667752683.293626 0.167813 -9.253800 -0.154049 -0.007165 0.002508 0.689114 0.724613
1667752684.294387 0.145369 -9.125720 -0.160780 -0.007327 0.001822 0.688714 0.724993
1667752685.361860 0.111150 -9.001242 -0.141501 -0.008804 0.003336 0.687999 0.725650
1667752686.362618 0.105286 -8.858690 -0.144080 -0.008664 0.002280 0.687630 0.726006
1667752687.363374 0.105024 -8.711331 -0.148414 -0.005217 -0.000269 0.687861 0.725823
1667752688.364136 0.104587 -8.556495 -0.147700 -0.006802 -0.000749 0.687935 0.725741
1667752689.364885 0.102250 -8.403900 -0.138504 -0.008605 0.000744 0.687438 0.726192
1667752690.365639 0.080561 -8.275528 -0.133401 -0.006586 -0.002058 0.688612 0.725097
1667752691.366391 0.053513 -8.136946 -0.128098 -0.004403 -0.003880 0.687361 0.726292
1667752692.367141 0.020581 -8.002151 -0.116012 -0.001089 -0.006583 0.687565 0.726093
1667752693.367892 0.008540 -7.851426 -0.132973 -0.002352 -0.006814 0.686429 0.727161
1667752694.368645 0.015542 -7.691798 -0.141297 -0.007722 -0.002763 0.685951 0.727601
1667752695.369437 0.042417 -7.535356 -0.129153 -0.008370 -0.000849 0.686920 0.726684
1667752696.370184 0.080405 -7.375548 -0.138761 -0.010408 0.001654 0.687543 0.726067
1667752697.370924 0.118080 -7.209598 -0.146376 -0.008751 0.000360 0.688333 0.725342
1667752698.371653 0.139604 -7.060172 -0.147634 -0.009828 0.000772 0.691357 0.722446
1667752699.372417 0.137111 -6.912786 -0.139115 -0.009003 0.000768 0.691441 0.722376
1667752700.373187 0.141687 -6.768781 -0.137268 -0.007677 0.000393 0.691837 0.722013
1667752701.373941 0.173850 -6.609562 -0.143877 -0.007137 -0.000217 0.693575 0.720349
1667752702.374697 0.205418 -6.455143 -0.151935 -0.006373 0.001165 0.693709 0.720227
1667752703.375458 0.212237 -6.312239 -0.142818 -0.007224 0.002685 0.691785 0.722063
1667752704.376236 0.202706 -6.180585 -0.131978 -0.008588 0.002813 0.691004 0.722794
1667752705.376971 0.199672 -6.038070 -0.125385 -0.007794 0.002025 0.690948 0.722859
1667752706.377718 0.217700 -5.900641 -0.096123 -0.008528 0.000990 0.690398 0.723379
1667752707.378469 0.217970 -5.751510 -0.096049 -0.008056 0.000254 0.689854 0.723904
1667752708.379209 0.226242 -5.599129 -0.096590 -0.009339 0.004222 0.695098 0.718841
1667752709.379934 0.228250 -5.484597 -0.095918 -0.011290 0.006236 0.714317 0.699703
1667752710.380661 0.204864 -5.330710 -0.090553 -0.006509 -0.000853 0.713849 0.700269
1667752711.381431 0.162328 -5.170108 -0.072923 -0.010162 0.001476 0.714653 0.699404
1667752712.382165 0.126211 -5.014230 -0.070089 -0.005869 -0.001753 0.712464 0.701682
1667752713.384953 0.096924 -4.893590 -0.067814 -0.005926 -0.000913 0.711613 0.702546
1667752714.395988 0.103127 -4.777242 -0.069125 -0.008947 0.001811 0.681368 0.731884
1667752715.495406 0.107463 -4.611385 -0.064251 -0.010093 0.000147 0.674396 0.738301
1667752716.594825 0.122210 -4.434758 -0.077989 -0.009132 0.001737 0.677173 0.735765
1667752717.694252 0.138477 -4.330508 -0.084649 -0.010848 0.004684 0.702623 0.711464
1667752718.793703 0.158240 -4.180449 -0.092045 -0.006842 0.002327 0.703261 0.710895
1667752719.893191 0.123944 -4.016393 -0.084008 -0.003822 -0.000935 0.700409 0.713731
1667752720.959347 0.108148 -3.875753 -0.088540 -0.007097 0.001952 0.699821 0.714280
1667752722.092102 0.099780 -3.698936 -0.093858 -0.007302 0.001991 0.699589 0.714505
1667752723.191547 0.093480 -3.530343 -0.095265 -0.008072 0.003045 0.698963 0.715106
1667752724.291016 0.129451 -3.356544 -0.110540 -0.006336 0.000730 0.701235 0.712902
1667752725.357162 0.143253 -3.211651 -0.103478 -0.006034 -0.000069 0.702978 0.711186
1667752726.389986 0.139529 -3.073546 -0.106511 -0.005028 0.001314 0.703016 0.711155
1667752727.489437 0.130811 -2.934488 -0.107226 -0.006442 0.000909 0.700926 0.713204
1667752728.588865 0.108535 -2.802037 -0.094479 -0.005941 0.000486 0.697943 0.716128
1667752729.590949 0.106103 -2.678855 -0.098530 -0.003602 -0.000896 0.693959 0.720005
1667752730.662528 0.094898 -2.512373 -0.101388 -0.005804 0.001788 0.693613 0.720322
1667752731.663261 0.097904 -2.353387 -0.099248 -0.002458 -0.002199 0.692978 0.720951
1667752732.664005 0.094400 -2.217999 -0.087257 -0.003552 -0.003355 0.692399 0.721498
1667752733.664758 0.081530 -2.068775 -0.079661 -0.006903 0.000059 0.691205 0.722626
1667752734.665529 0.081636 -1.919338 -0.080780 -0.007957 -0.000780 0.688473 0.725218
1667752735.666317 0.081969 -1.768848 -0.076045 -0.009059 -0.000638 0.687971 0.725681
1667752736.667078 0.073223 -1.612149 -0.084216 -0.007618 -0.002451 0.685676 0.727863
1667752737.667816 0.091097 -1.462108 -0.078709 -0.005700 -0.003903 0.684552 0.728931
1667752738.668559 0.110842 -1.317433 -0.078231 -0.004372 -0.002357 0.685295 0.728249
1667752739.669312 0.096275 -1.151283 -0.069634 -0.005356 -0.002222 0.685769 0.727796
1667752740.670050 0.085715 -0.984758 -0.068385 -0.001292 -0.005416 0.686300 0.727297
1667752741.670794 0.066504 -0.823743 -0.054095 -0.000796 -0.004338 0.686860 0.726777
1667752742.671549 0.089681 -0.677263 -0.050357 -0.001005 -0.003915 0.697712 0.716367
1667752743.672297 0.105736 -0.520782 -0.012557 -0.003518 -0.002439 0.697681 0.716396
1667752744.673046 0.076773 -0.380883 -0.002014 -0.003025 0.000464 0.697965 0.716125
1667752745.673800 0.086838 -0.266621 0.011186 -0.001187 0.000942 0.700875 0.713282
1667752747.675296 0.069199 -0.134280 0.020673 0.001633 0.001659 0.700087 0.714054
