1667747000.155519 0.000000 0.000000 0.000000 0.000000 0.000000 0.000000 1.000000
1667747002.287745 0.148230 0.009915 0.004217 -0.000469 -0.005335 -0.002772 0.999982
1667747003.453773 0.263116 0.016946 0.009990 -0.001159 -0.011958 -0.002577 0.999925
1667747004.486553 0.374216 0.035676 0.011375 -0.001631 -0.012923 -0.005455 0.999900
1667747005.552619 0.501033 0.047606 0.015577 0.001757 -0.011799 -0.006076 0.999910
1667747006.556294 0.618112 0.053737 0.020651 0.003111 -0.010550 -0.007226 0.999913
1667747007.559778 0.741911 0.071107 0.020903 0.001637 -0.009638 -0.008648 0.999915
1667747008.693907 0.888504 0.078503 0.020634 0.000702 -0.009897 -0.009127 0.999909
1667747009.731001 1.022435 0.080437 0.023356 -0.000210 -0.009320 -0.007868 0.999926
1667747010.732755 1.161152 0.089737 0.026656 0.000752 -0.009493 -0.009620 0.999908
1667747011.766387 1.294976 0.102347 0.032920 0.000150 -0.009313 -0.011222 0.999894
1667747012.900054 1.432897 0.078158 0.034911 0.000420 -0.009750 -0.008545 0.999916
1667747013.900358 1.589342 0.072564 0.041687 0.003541 -0.007045 -0.007929 0.999937
1667747014.934035 1.739932 0.068559 0.040264 0.002357 -0.013324 -0.008914 0.999869
1667747016.034357 1.855180 0.099801 0.057122 0.001574 -0.015942 -0.125864 0.991918
1667747017.034638 1.927578 0.087760 0.041452 0.002458 -0.014869 -0.176186 0.984241
1667747020.313258 1.930149 0.050937 0.050651 0.004651 -0.007770 -0.112216 0.993643
1667747022.482087 1.948961 0.012002 0.061447 0.005384 -0.004137 -0.056429 0.998384
1667747023.489175 1.990188 0.017030 0.063514 0.003999 -0.003052 -0.041332 0.999133
1667747025.685510 2.168151 0.000106 0.077122 0.001906 -0.005930 0.004386 0.999971
1667747026.784568 2.276455 -0.012266 0.069676 0.003262 -0.002898 0.020450 0.999781
1667747027.816048 2.378726 -0.010345 0.079098 0.004507 -0.004316 0.035871 0.999337
1667747028.880796 2.519044 -0.001229 0.057708 0.005346 -0.007111 0.044445 0.998972
1667747029.978836 2.635123 -0.023151 0.056617 0.007319 -0.009586 0.055684 0.998376
1667747031.076888 2.764574 -0.012653 0.069157 0.005638 -0.006268 0.068802 0.997595
1667747033.173161 2.903689 0.020886 0.072579 0.004268 -0.006294 -0.070385 0.997491
1667747034.272219 3.015843 0.000436 0.075346 0.003112 -0.005088 -0.124822 0.992161
1667747036.376555 3.046428 -0.012632 0.075764 0.003505 -0.002955 -0.041764 0.999117
1667747040.617068 3.226339 -0.042190 0.064982 0.009314 -0.005994 -0.017610 0.999784
1667747042.685205 3.395479 -0.063044 0.075056 0.007295 -0.012752 -0.019795 0.999696
1667747044.686610 3.601367 -0.083011 0.080120 0.008956 -0.008070 -0.009292 0.999884
1667747045.720677 3.725047 -0.090462 0.072011 0.010438 -0.012441 -0.009211 0.999826
1667747046.721395 3.841927 -0.095446 0.071429 0.011592 -0.012726 -0.009386 0.999808
1667747047.788823 3.975209 -0.121603 0.057538 0.010114 -0.014566 -0.009604 0.999797
1667747048.789538 4.117453 -0.131153 0.038910 0.009616 -0.012220 -0.012249 0.999804
1667747049.797705 4.235206 -0.161215 0.023747 0.008963 -0.013318 -0.011571 0.999804
1667747053.012127 4.377806 -0.214338 0.038709 0.011584 -0.013520 -0.026088 0.999501
1667747054.076828 4.429030 -0.190490 0.046118 0.013384 -0.011063 -0.129992 0.991363
1667747055.141537 4.474316 -0.183748 0.047524 0.015039 -0.010726 -0.219913 0.975345
1667747056.217404 4.502934 -0.184764 0.042738 0.016770 -0.012710 -0.305224 0.952048
1667747057.360577 4.541574 -0.197757 0.045861 0.018223 -0.011247 -0.423861 0.905474
1667747058.423395 4.569779 -0.224965 0.040277 0.018034 -0.012206 -0.518317 0.854911
1667747059.498242 4.595034 -0.244774 0.044028 0.017566 -0.010753 -0.606279 0.794985
1667747060.525799 4.605073 -0.270470 0.040566 0.017724 -0.010205 -0.678239 0.734557
1667747061.619844 4.615307 -0.323166 0.042632 0.017061 -0.009698 -0.723750 0.689783
1667747062.647622 4.610706 -0.468021 0.049027 0.016329 -0.011638 -0.763960 0.644952
1667747063.808159 4.585249 -0.592106 0.067289 0.019121 -0.010490 -0.790346 0.612273
1667747064.902312 4.550880 -0.800953 0.004819 0.014433 -0.012104 -0.819065 0.573391
1667747067.102964 4.494380 -0.909537 -0.006200 0.013023 -0.013860 -0.757641 0.652395
1667747069.110749 4.491103 -0.949537 0.002378 0.011034 -0.015618 -0.711582 0.702343
1667747071.268679 4.494490 -1.135702 0.010197 0.010502 -0.015178 -0.680065 0.732920
1667747073.380622 4.531732 -1.335564 0.022012 0.010712 -0.015861 -0.662938 0.748430
1667747075.386069 4.578472 -1.476924 0.026244 0.010249 -0.016458 -0.735024 0.677764
1667747077.485101 4.549242 -1.689217 0.019817 0.011998 -0.015470 -0.765469 0.643175
1667747081.880351 4.534343 -1.816613 0.024191 0.011633 -0.015797 -0.751527 0.659411
1667747084.992623 4.504990 -1.890769 0.029048 0.011903 -0.014961 -0.690103 0.723458
1667747087.295372 4.543031 -2.077410 0.035002 0.012188 -0.016919 -0.678123 0.734653
1667747088.359310 4.550820 -2.188021 0.032727 0.010522 -0.018907 -0.676425 0.736193
1667747089.393604 4.558167 -2.303915 0.025610 0.013379 -0.015540 -0.674711 0.737797
1667747090.494354 4.563100 -2.432054 0.024507 0.012497 -0.014836 -0.672342 0.739987
1667747091.526150 4.562915 -2.553077 0.032272 0.010841 -0.011933 -0.680928 0.732173
1667747093.589770 4.561179 -2.715413 0.027546 0.003882 -0.017816 -0.712936 0.700992
1667747094.721431 4.546861 -2.842628 0.041295 0.005538 -0.015334 -0.711651 0.702344
1667747095.886409 4.526908 -2.990275 0.031528 0.006091 -0.014270 -0.712265 0.701739
1667747096.984807 4.546383 -3.121652 0.044371 0.008567 -0.016115 -0.712482 0.701453
1667747098.085168 4.544056 -3.252793 0.041919 0.010613 -0.015795 -0.712040 0.701881
1667747099.189555 4.548569 -3.358393 0.043914 0.011824 -0.015679 -0.711525 0.702387
1667747100.489222 4.537027 -3.464306 0.045943 0.010893 -0.015755 -0.707890 0.706063
1667747101.500338 4.532804 -3.504458 0.047214 0.009595 -0.016996 -0.663878 0.747586
1667747102.506879 4.547792 -3.630081 0.046577 0.011402 -0.015735 -0.660479 0.750593
1667747103.606283 4.584714 -3.774853 0.051681 0.015176 -0.015148 -0.657856 0.752839
1667747104.705686 4.615469 -3.916416 0.057424 0.015216 -0.017670 -0.658583 0.752147
1667747105.805086 4.633985 -4.009011 0.046438 0.013259 -0.019433 -0.708732 0.705086
1667747106.871168 4.643835 -4.121547 0.048470 0.016462 -0.016903 -0.710912 0.702885
1667747108.003936 4.638258 -4.268206 0.052311 0.017679 -0.015325 -0.710077 0.703736
1667747109.004106 4.632526 -4.411329 0.041826 0.016193 -0.017286 -0.708686 0.705126
1667747110.109785 4.635490 -4.552483 0.049324 0.015581 -0.015344 -0.709806 0.704058
1667747111.175143 4.635321 -4.679687 0.049349 0.014385 -0.012321 -0.693930 0.719793
1667747112.240493 4.654630 -4.821271 0.050345 0.015887 -0.015238 -0.689573 0.723882
1667747113.272577 4.656483 -4.957160 0.055909 0.016519 -0.020778 -0.687658 0.725550
1667747114.404499 4.665208 -5.114044 0.055135 0.015652 -0.017472 -0.686687 0.726574
1667747115.436534 4.671596 -5.248513 0.065857 0.013763 -0.018071 -0.686813 0.726479
1667747116.501903 4.654335 -5.389571 0.059264 0.013517 -0.019358 -0.685398 0.727785
1667747117.572191 4.645241 -5.545722 0.065609 0.011950 -0.017059 -0.684282 0.728920
1667747118.674288 4.671050 -5.704250 0.062400 0.014635 -0.016961 -0.685875 0.727374
1667747119.807655 4.695758 -5.859036 0.065716 0.014665 -0.016624 -0.687278 0.726056
1667747120.874325 4.692216 -6.018807 0.064948 0.013595 -0.019618 -0.686502 0.726737
1667747121.941016 4.724263 -6.171617 0.071252 0.015733 -0.016413 -0.685891 0.727349
1667747122.974364 4.734104 -6.296024 0.074687 0.016786 -0.017100 -0.684956 0.728190
1667747124.174436 4.789531 -6.471051 0.070315 0.012183 -0.022508 -0.686465 0.726712
1667747125.275898 4.791170 -6.618237 0.070276 0.015215 -0.018249 -0.684771 0.728371
1667747126.479137 4.803401 -6.781940 0.093830 0.018610 -0.018635 -0.683800 0.729194
1667747127.546582 4.844224 -6.922893 0.117591 0.016415 -0.017307 -0.686358 0.726873
1667747128.580667 4.889714 -7.075520 0.132631 0.011545 -0.013940 -0.689824 0.723751
1667747129.781533 4.937310 -7.219030 0.145167 0.011312 -0.013140 -0.706168 0.707832
1667747130.782264 4.968380 -7.376486 0.156338 0.018911 -0.009931 -0.708015 0.705874
1667747131.783010 5.018841 -7.537434 0.176091 0.023567 -0.005804 -0.712095 0.701663
1667747132.817082 5.070770 -7.706877 0.192305 0.024771 -0.003054 -0.716100 0.697551
1667747133.997022 5.097788 -7.881611 0.206803 0.018780 -0.006141 -0.718919 0.694813
1667747135.096498 5.112279 -8.062841 0.228855 0.023660 -0.001363 -0.718925 0.694684
1667747136.129272 5.120934 -8.222399 0.259995 0.026038 -0.000776 -0.717997 0.695559
1667747137.195357 5.109902 -8.336652 0.179850 0.021185 -0.005817 -0.695854 0.717847
1667747138.294756 5.110851 -8.499069 0.139142 0.016117 -0.011682 -0.692432 0.721208
1667747139.360860 5.135352 -8.658683 0.122857 0.013928 -0.016168 -0.690454 0.723061
1667747140.426981 5.146902 -8.799673 0.129400 0.015376 -0.016266 -0.689069 0.724350
1667747141.493138 5.167245 -8.924109 0.139789 0.017902 -0.014062 -0.689879 0.723567
1667747142.525968 5.193126 -9.074646 0.145969 0.019286 -0.010277 -0.689270 0.724175
1667747143.692004 5.248497 -9.194856 0.143176 0.017126 -0.011746 -0.735145 0.677592
1667747144.791403 5.268540 -9.313203 0.139721 0.017445 -0.011301 -0.745442 0.666247
1667747145.890806 5.255810 -9.429944 0.146947 0.017888 -0.009794 -0.716735 0.697048
1667747146.990209 5.283338 -9.568470 0.147521 0.016535 -0.006999 -0.704881 0.709099
1667747148.056309 5.300295 -9.741796 0.144204 0.015784 -0.013191 -0.703465 0.710433
1667747149.089919 5.314704 -9.908612 0.144515 0.017887 -0.008989 -0.704936 0.708988
1667747150.096023 5.308407 -10.061161 0.140450 0.018375 -0.007546 -0.704495 0.709431
1667747152.097682 5.309821 -10.203071 0.138643 0.018701 -0.006893 -0.717889 0.695872
1667747153.098398 5.337862 -10.240049 0.137807 0.017944 -0.004619 -0.778466 0.627414
1667747154.265906 5.345826 -10.277421 0.138076 0.016557 -0.001980 -0.845350 0.533952
1667747155.266633 5.341186 -10.314742 0.129282 -0.015324 -0.001570 0.896320 -0.443139
1667747156.405344 5.325387 -10.344488 0.110803 -0.013632 -0.003331 0.933519 -0.358254
1667747157.546874 5.308512 -10.356423 0.074797 -0.010291 -0.003841 0.965725 -0.259336
1667747158.619876 5.245056 -10.382943 0.074293 -0.009215 -0.003221 0.987861 -0.155032
1667747159.657733 5.197548 -10.393384 0.073753 -0.008403 -0.003260 0.998275 -0.058009
1667747160.722389 5.159530 -10.407246 0.055693 -0.005773 -0.004069 0.999969 -0.003502
1667747162.818555 4.950293 -10.415624 0.042159 -0.005659 -0.005714 0.994757 0.101949
1667747163.883290 4.812003 -10.415497 0.037230 -0.004266 -0.005981 0.989640 0.143383
1667747165.014568 4.696782 -10.399022 0.036029 -0.004292 -0.006393 0.984092 0.177495
1667747166.145910 4.684829 -10.386319 0.042185 -0.005782 -0.005826 0.994047 0.108640
1667747168.275502 4.693779 -10.379522 0.035481 -0.004238 -0.005291 0.998073 0.061686
1667747170.571455 4.548875 -10.363464 0.045158 -0.005000 -0.005167 0.999515 0.030288
1667747171.702753 4.427683 -10.372134 0.061640 -0.002914 -0.003843 0.999716 0.023338
1667747172.772604 4.282696 -10.357979 0.052078 -0.005337 -0.002340 0.999885 0.014010
1667747173.907363 4.119280 -10.332911 0.050387 -0.005476 0.000774 0.999983 0.001553
1667747174.980223 3.987627 -10.337855 0.051185 -0.001898 0.003849 0.999914 -0.012426
1667747175.981595 3.846211 -10.332397 0.043776 -0.005564 0.001762 0.999827 -0.017671
1667747177.049048 3.722321 -10.325352 0.037993 -0.004474 0.002485 0.999734 -0.022488
1667747178.116489 3.589918 -10.327911 0.044651 -0.010275 0.001660 0.999717 -0.021387
1667747180.117953 3.381032 -10.340643 0.037706 -0.009645 -0.002944 0.999909 0.008971
1667747181.252113 3.245397 -10.349247 0.037443 -0.006515 -0.004793 0.999945 0.006616
1667747182.419621 3.076023 -10.347569 0.033852 -0.006327 -0.001390 0.999979 0.000329
1667747183.720545 2.895408 -10.339909 0.030655 -0.004980 0.000827 0.999972 -0.005467
1667747184.754613 2.752183 -10.357989 0.023654 -0.002886 0.002342 0.999975 -0.006025
1667747185.822048 2.593107 -10.356230 0.017039 -0.008238 -0.001297 0.999858 -0.014666
1667747186.822773 2.473311 -10.358837 0.017933 -0.003972 -0.002094 0.999686 0.024637
1667747187.823502 2.364731 -10.363420 0.016303 -0.002211 0.000144 0.999287 0.037690
1667747189.024374 2.203371 -10.351359 0.023500 -0.001944 0.003616 0.999259 0.038258
1667747190.125178 2.045070 -10.334797 0.015378 -0.006445 0.000871 0.999131 0.041169
1667747191.226001 1.871773 -10.333567 0.010227 -0.003058 0.000682 0.999097 0.042364
1667747192.226705 1.735787 -10.317837 0.012319 0.000573 0.001870 0.999127 0.041722
1667747193.460939 1.575583 -10.289346 0.002210 -0.003931 0.003923 0.999178 0.040168
1667747194.461678 1.419018 -10.271945 0.003424 -0.004959 0.003869 0.999116 0.041570
1667747195.462421 1.277205 -10.279298 0.001494 -0.006549 0.003275 0.999071 0.042465
1667747196.463153 1.174014 -10.249698 -0.002431 -0.005391 0.004963 0.999841 -0.016236
1667747198.497952 0.975292 -10.277757 -0.009515 -0.004889 0.005333 0.999139 -0.040849
1667747199.565403 0.869280 -10.308137 -0.034566 -0.004009 0.004940 0.999083 -0.042340
1667747203.234722 0.731123 -10.316989 -0.041835 -0.003267 0.003548 0.999909 0.012585
1667747204.302134 0.737386 -10.348243 -0.056544 -0.001125 0.002946 0.995330 0.096481
1667747205.302837 0.669501 -10.323651 -0.038933 0.000176 0.004432 0.983787 0.179287
1667747206.403623 0.607878 -10.337503 -0.018065 -0.000822 0.005214 0.961770 0.273808
1667747207.404337 0.561761 -10.348670 0.009180 -0.001438 0.005191 0.933756 0.357870
1667747208.571827 0.531969 -10.274377 -0.011911 -0.001668 0.004304 0.897161 0.441679
1667747209.772673 0.504156 -10.261424 -0.013614 -0.000667 0.003208 0.847226 0.531222
1667747210.773389 0.475587 -10.261776 -0.039655 0.000687 0.001302 0.798785 0.601615
1667747211.781963 0.438836 -10.229095 -0.038994 0.001341 0.000029 0.739173 0.673515
1667747213.985965 0.433086 -10.102955 -0.002531 -0.002523 0.001076 0.676291 0.736630
1667747215.018733 0.475267 -9.942234 0.027511 -0.002666 -0.000257 0.611282 0.791408
1667747217.450828 0.492454 -9.877092 0.034127 -0.001685 -0.004148 0.636836 0.770986
1667747220.782450 0.510124 -9.760819 0.018380 -0.004805 -0.002626 0.674579 0.738183
1667747221.789212 0.487528 -9.767042 0.006728 -0.004108 -0.000043 0.730725 0.682659
1667747222.793293 0.461079 -9.642716 -0.016742 0.000053 -0.001682 0.737276 0.675590
1667747223.891311 0.461430 -9.538729 -0.020165 0.000960 -0.000590 0.744082 0.668087
1667747226.286971 0.411556 -9.340416 -0.025295 0.002917 0.000020 0.740626 0.671911
1667747227.352814 0.409617 -9.328774 -0.024988 0.004487 -0.001809 0.669751 0.742570
1667747228.357670 0.406945 -9.178884 -0.025947 0.003375 -0.001272 0.643076 0.765794
1667747231.889165 0.488212 -9.125564 -0.019087 0.003981 -0.003120 0.682735 0.730649
1667747234.221235 0.465441 -8.939476 -0.016436 0.004700 -0.005097 0.690726 0.723083
1667747236.353432 0.435016 -8.825956 0.003803 0.000610 -0.002473 0.694618 0.719374
1667747237.354037 0.414884 -8.660280 0.007939 0.002599 -0.004437 0.697590 0.716479
1667747239.494319 0.420878 -8.439952 0.002928 0.004334 -0.006264 0.701819 0.712314
1667747240.661814 0.433968 -8.283751 -0.008130 0.001455 -0.005166 0.704503 0.709680
1667747241.896011 0.438370 -8.109743 -0.018115 0.001575 -0.004170 0.708813 0.705383
1667747242.963430 0.412700 -7.973716 -0.009998 0.002743 -0.005386 0.711279 0.702884
1667747243.964135 0.406155 -7.847566 -0.013079 0.006191 -0.008924 0.712029 0.702066
1667747244.964864 0.393463 -7.715535 -0.011385 0.008143 -0.009437 0.714426 0.699600
1667747245.998944 0.381994 -7.586952 -0.018706 0.001628 -0.005560 0.716932 0.697119
1667747247.199789 0.359273 -7.419268 -0.013081 0.000394 -0.004778 0.719287 0.694697
1667747248.434007 0.319904 -7.258960 0.000361 -0.003481 -0.001592 0.719337 0.694651
1667747249.601513 0.327892 -7.115249 -0.011524 -0.001499 -0.002488 0.711356 0.702826
1667747250.802406 0.330943 -6.934769 -0.010090 -0.001885 -0.003155 0.711735 0.702439
1667747251.903219 0.302797 -6.800321 -0.008043 -0.002145 -0.003408 0.687460 0.726211
1667747253.104115 0.282252 -6.664787 -0.001075 0.001004 -0.004428 0.679619 0.733552
1667747254.171570 0.293077 -6.514081 -0.000924 0.001631 -0.005444 0.680068 0.733127
1667747255.172306 0.299084 -6.375515 -0.001844 0.001745 -0.004533 0.680589 0.732649
1667747256.273118 0.299391 -6.216678 0.003750 0.000297 -0.002298 0.680814 0.732453
1667747257.373913 0.269134 -6.069155 0.008670 0.000492 -0.003337 0.680448 0.732788
1667747258.374632 0.284155 -5.952355 0.013642 -0.001217 -0.002369 0.696508 0.717544
1667747259.375360 0.273968 -5.863236 0.010948 -0.000870 -0.002746 0.738020 0.674773
1667747261.376803 0.241766 -5.662046 0.009656 -0.000096 -0.005548 0.744919 0.667132
1667747262.577667 0.216920 -5.550397 0.010588 -0.000378 -0.002695 0.733544 0.679637
1667747263.578383 0.197676 -5.426143 0.007468 -0.000919 -0.001220 0.733148 0.680068
1667747264.579099 0.165921 -5.315072 -0.001303 -0.002970 -0.000316 0.732638 0.680612
1667747265.679913 0.141088 -5.181781 0.009400 -0.001115 -0.004745 0.719220 0.694765
1667747266.680675 0.153944 -5.123771 0.005260 -0.000192 -0.005673 0.636687 0.771101
1667747268.782203 0.182561 -4.952265 0.015037 0.003674 -0.006720 0.571997 0.820220
1667747275.235330 0.181864 -4.845724 0.023134 0.000827 -0.006726 0.638361 0.769707
1667747278.529433 0.166492 -4.738438 0.028283 -0.001860 -0.000849 0.687251 0.726417
1667747280.792107 0.125633 -4.601351 0.030706 -0.002224 -0.004456 0.698648 0.715448
1667747281.890166 0.122818 -4.480393 0.034683 -0.004302 -0.001933 0.700715 0.713426
1667747282.954967 0.113220 -4.345836 0.022710 -0.003198 -0.001647 0.703857 0.710333
1667747284.027954 0.098241 -4.215830 0.026522 -0.006992 0.002733 0.705911 0.708261
1667747285.096147 0.085773 -4.090261 0.026447 -0.001248 -0.001270 0.706477 0.707734
1667747286.098480 0.059983 -3.968886 0.023459 0.000274 -0.004424 0.707364 0.706835
1667747287.098532 0.051732 -3.859404 0.032318 -0.003483 -0.000245 0.708759 0.705442
1667747288.202710 0.034453 -3.706699 0.025853 -0.002613 -0.000843 0.710170 0.704025
1667747289.436533 0.055432 -3.542576 0.020055 -0.005779 0.001377 0.712671 0.701473
1667747290.569273 0.050360 -3.389951 0.015762 -0.003138 0.000882 0.714419 0.699711
1667747291.801973 0.061269 -3.230805 0.006936 -0.001532 -0.000870 0.717116 0.696952
1667747292.868095 0.060629 -3.096772 0.015577 -0.002434 -0.001253 0.718975 0.695030
1667747294.067472 0.070820 -2.961915 0.016525 -0.003082 0.000691 0.715274 0.698837
1667747295.100260 0.050324 -2.828563 0.003561 -0.001883 -0.001619 0.715401 0.698710
1667747296.133058 0.051325 -2.677014 0.003337 -0.000784 -0.001362 0.717709 0.696341
1667747297.165848 0.022196 -2.559560 0.004597 0.001526 -0.002813 0.717929 0.696109
1667747298.198627 0.030399 -2.447562 0.001711 0.001420 -0.002272 0.690305 0.723513
1667747300.304573 0.013138 -2.209428 0.004141 0.003459 -0.006115 0.674241 0.738478
1667747301.372418 0.010818 -2.061359 0.013287 -0.000230 -0.004044 0.674267 0.738477
1667747302.373142 0.011260 -1.918438 0.016020 -0.000096 -0.004165 0.673432 0.739238
1667747303.407220 0.032864 -1.780209 0.015058 -0.002079 -0.004648 0.672554 0.740031
1667747304.774874 0.029540 -1.581225 0.014343 -0.002509 -0.003690 0.671350 0.741127
1667747305.775601 0.032461 -1.449142 0.020240 -0.000662 -0.006277 0.671070 0.741368
1667747306.843033 0.048200 -1.341393 0.027690 0.000383 -0.005570 0.695385 0.718616
1667747307.943820 0.045583 -1.219461 0.022028 -0.000352 -0.003815 0.714035 0.700099
1667747309.044601 0.050905 -1.061712 0.023890 -0.000132 -0.001653 0.716670 0.697411
1667747310.078683 0.042364 -0.917801 0.017073 0.001009 -0.001190 0.717861 0.696184
1667747311.079425 0.022161 -0.781138 0.004559 0.002538 -0.001718 0.718618 0.695399
1667747312.080148 -0.004228 -0.643979 0.018909 0.000524 0.001533 0.712121 0.702055
1667747313.314376 0.020463 -0.521997 0.023860 0.001561 -0.000490 0.689011 0.724749
1667747314.481910 0.013973 -0.355982 0.026534 0.001484 0.001150 0.688533 0.725203
1667747315.482615 0.017819 -0.222296 0.020673 0.005232 -0.000732 0.687519 0.726147
1667747317.596525 0.022837 -0.133720 0.012985 0.004651 -0.000288 0.628766 0.777581
1667747318.695915 0.025964 -0.082305 0.015716 0.000153 -0.000081 0.546769 0.837283
1667747319.761986 0.031509 -0.020914 0.014605 -0.001674 -0.000599 0.466326 0.884611
1667747320.828068 0.031747 0.036313 -0.013887 -0.003070 -0.002748 0.372934 0.927849
1667747321.994097 0.023585 0.043659 0.003678 -0.001761 0.000501 0.273761 0.961796
1667747323.065608 0.026026 0.053373 0.014541 -0.001593 0.002077 0.154844 0.987936
1667747324.101879 0.068927 0.055913 0.001273 -0.000746 -0.001401 0.057498 0.998344
1667747326.365126 0.220025 0.057388 0.003152 -0.000906 -0.009484 -0.024075 0.999665
1667747327.396984 0.357234 0.058555 0.001378 -0.000222 -0.014663 -0.065290 0.997759
1667747328.462062 0.490192 0.060251 0.011661 0.000225 -0.012224 -0.093569 0.995538
1667747329.527200 0.631228 0.037341 0.011968 0.003919 -0.011958 -0.118511 0.992873
1667747331.760213 0.725336 0.044574 0.019225 0.002454 -0.010145 -0.040536 0.999124
1667747334.006328 0.918504 0.047152 0.021522 -0.000313 -0.009187 -0.014017 0.999860
1667747335.104703 1.044476 0.058604 0.022810 -0.000267 -0.009063 -0.005113 0.999946
1667747336.402755 1.205229 0.077806 0.032002 0.000550 -0.008457 0.006155 0.999945
1667747337.567709 1.349458 0.066364 0.034665 -0.000399 -0.010091 0.022290 0.999701
1667747338.700284 1.477838 0.064138 0.038086 0.002333 -0.008732 0.030312 0.999500
1667747341.003053 1.699648 0.072863 0.041637 0.002587 -0.009832 0.009315 0.999905
1667747342.039209 1.817162 0.070398 0.046245 0.003042 -0.015149 0.010300 0.999828
1667747343.109088 1.947844 0.061868 0.062135 0.004788 -0.006353 0.015809 0.999843
1667747344.141106 2.066022 0.072949 0.071521 0.004410 -0.004102 -0.026391 0.999634
1667747345.306251 2.200335 0.082073 0.063537 0.003723 -0.005786 -0.038127 0.999249
1667747346.371530 2.343075 0.054679 0.066566 0.004472 -0.005270 -0.033999 0.999398
1667747347.375278 2.477823 0.037708 0.052157 0.005129 -0.007300 -0.033298 0.999406
1667747348.481456 2.614533 0.033477 0.058509 0.006089 -0.009921 -0.031733 0.999429
1667747349.482024 2.724154 0.000125 0.068621 0.006998 -0.007135 -0.030035 0.999499
1667747350.581285 2.878011 -0.021050 0.068991 0.004766 -0.007309 -0.029410 0.999529
1667747351.680458 3.036285 -0.029818 0.071925 0.003188 -0.002160 -0.028070 0.999599
1667747352.779682 3.181827 -0.043629 0.064883 0.006356 -0.003763 -0.027055 0.999607
1667747353.878929 3.306656 -0.064235 0.064905 0.008486 -0.010321 -0.019310 0.999724
1667747354.978145 3.426561 -0.088579 0.073081 0.006868 -0.013917 -0.018560 0.999707
1667747356.010717 3.539662 -0.100274 0.071208 0.008645 -0.008829 -0.007250 0.999897
1667747357.043271 3.680519 -0.104874 0.068524 0.010101 -0.010646 -0.004705 0.999881
1667747358.183068 3.821572 -0.111938 0.058027 0.011301 -0.014337 -0.004598 0.999823
1667747359.291763 3.978317 -0.141399 0.049416 0.011364 -0.016473 -0.002876 0.999796
1667747360.293474 4.130200 -0.142280 0.033441 0.011066 -0.011094 -0.003858 0.999870
1667747361.294942 4.256137 -0.173669 0.027680 0.009332 -0.013575 -0.001576 0.999863
1667747363.326641 4.401947 -0.181138 0.034112 0.012801 -0.013646 -0.098062 0.995004
1667747364.460470 4.466098 -0.196841 0.047204 0.014656 -0.010912 -0.218826 0.975593
1667747365.525937 4.493964 -0.204822 0.037481 0.016710 -0.013067 -0.331789 0.943115
1667747366.691282 4.541356 -0.222294 0.045140 0.018373 -0.011606 -0.446752 0.894394
1667747367.723486 4.572995 -0.253067 0.042488 0.017858 -0.011566 -0.558328 0.829348
1667747368.888895 4.596928 -0.284326 0.038174 0.017188 -0.010421 -0.662645 0.748664
1667747370.158074 4.598952 -0.300599 0.041439 0.017952 -0.008571 -0.721692 0.691929
1667747371.298209 4.603119 -0.402999 0.046128 0.016449 -0.010054 -0.756090 0.654184
1667747372.362430 4.585252 -0.520148 0.055876 0.020165 -0.010045 -0.785270 0.618744
1667747373.393308 4.570865 -0.533517 0.063778 0.021104 -0.010499 -0.748990 0.662162
1667747374.497712 4.561201 -0.541142 0.060390 0.020847 -0.010555 -0.711936 0.701855
1667747376.768546 4.569371 -0.725455 0.040585 0.015324 -0.013139 -0.702944 0.710959
1667747377.801303 4.577233 -0.863238 0.021741 0.009553 -0.014790 -0.699450 0.714465
1667747378.900254 4.565215 -0.984882 0.016569 0.008562 -0.015297 -0.694217 0.719552
1667747379.965913 4.573586 -1.129286 0.020411 0.012874 -0.013537 -0.687732 0.725724
1667747381.198104 4.598199 -1.255586 0.023163 0.014143 -0.015755 -0.693686 0.719966
1667747382.297110 4.608517 -1.285591 0.024987 0.013625 -0.015410 -0.766388 0.642049
1667747383.396080 4.596944 -1.405372 0.021363 0.012511 -0.015530 -0.785094 0.619056
1667747384.461740 4.584893 -1.519400 0.023632 0.011558 -0.015535 -0.801659 0.597468
1667747386.698864 4.549967 -1.574394 0.018637 0.010397 -0.015941 -0.766397 0.642085
1667747389.801042 4.528409 -1.704975 0.021239 0.012227 -0.015342 -0.739480 0.672892
1667747390.882061 4.533981 -1.807871 0.026816 0.012664 -0.014156 -0.727458 0.685889
1667747391.916023 4.487462 -1.843537 0.023893 0.011610 -0.015937 -0.638463 0.769400
1667747394.084033 4.546330 -2.028542 0.023111 0.010717 -0.018075 -0.581080 0.813575
1667747399.446360 4.586102 -2.110222 0.031870 0.010930 -0.017812 -0.669779 0.742266
1667747401.677916 4.620466 -2.288072 0.028022 0.012491 -0.015745 -0.693078 0.720582
1667747402.777025 4.604445 -2.413781 0.030154 0.012886 -0.013567 -0.704186 0.709769
1667747403.909413 4.592970 -2.548942 0.031176 0.011187 -0.013008 -0.716701 0.697169
1667747404.975202 4.577485 -2.680481 0.027509 0.006999 -0.015088 -0.730871 0.682313
1667747406.074887 4.559405 -2.790193 0.036429 0.003091 -0.018172 -0.737185 0.675439
1667747407.081174 4.543260 -2.911853 0.036905 0.007794 -0.014007 -0.739930 0.672492
1667747409.283869 4.539607 -3.069009 0.044782 0.006884 -0.015961 -0.712725 0.701228
1667747410.384672 4.539906 -3.213295 0.045444 0.011401 -0.014675 -0.714331 0.699562
1667747411.385381 4.547966 -3.353964 0.041501 0.011000 -0.016360 -0.716200 0.697617
1667747413.620306 4.540158 -3.548874 0.043990 0.010343 -0.016368 -0.680037 0.732922
1667747414.721093 4.564002 -3.695648 0.043392 0.014091 -0.013290 -0.679944 0.733009
1667747415.763891 4.580568 -3.832598 0.051243 0.015050 -0.016705 -0.681654 0.731329
1667747416.834240 4.597217 -3.982232 0.046471 0.014703 -0.019077 -0.682590 0.730404
1667747417.867012 4.615698 -4.115291 0.053308 0.016934 -0.016266 -0.683609 0.729471
1667747418.999719 4.626918 -4.261083 0.052083 0.017278 -0.016199 -0.685077 0.728086
1667747420.032517 4.637624 -4.428357 0.042557 0.016008 -0.017979 -0.687283 0.725991
1667747421.131956 4.652808 -4.574660 0.051726 0.014937 -0.013998 -0.689988 0.723531
1667747422.165035 4.662073 -4.716515 0.051100 0.015412 -0.010960 -0.690226 0.723346
1667747423.176682 4.668381 -4.853365 0.052289 0.016146 -0.017527 -0.689439 0.723952
1667747424.274740 4.673043 -5.000155 0.057448 0.017065 -0.018834 -0.688751 0.724552
1667747425.408494 4.682956 -5.167247 0.056035 0.014790 -0.018873 -0.690673 0.722770
1667747426.616193 4.680028 -5.329787 0.057049 0.013344 -0.019723 -0.690775 0.722677
1667747427.679599 4.657243 -5.485872 0.062911 0.013135 -0.017258 -0.692337 0.721249
1667747428.709805 4.661318 -5.614861 0.064695 0.013976 -0.016655 -0.691523 0.722027
1667747429.906169 4.682686 -5.797111 0.059106 0.014770 -0.016396 -0.693591 0.720031
1667747431.135754 4.710891 -5.988973 0.058710 0.013095 -0.018060 -0.696999 0.716725
1667747432.206691 4.720368 -6.128728 0.062677 0.015100 -0.017589 -0.698219 0.715509
1667747433.304820 4.731637 -6.270283 0.073699 0.016961 -0.016785 -0.700926 0.712834
1667747434.336392 4.768889 -6.421842 0.070401 0.014958 -0.018725 -0.703485 0.710306
1667747435.401229 4.767267 -6.558317 0.078474 0.011757 -0.020970 -0.706302 0.707503
1667747436.499321 4.774106 -6.702297 0.091756 0.019331 -0.018266 -0.707123 0.706590
1667747437.530836 4.801703 -6.853766 0.111386 0.017159 -0.017842 -0.711629 0.702119
1667747438.564773 4.831789 -6.992896 0.130963 0.013391 -0.013057 -0.715391 0.698474
1667747439.801507 4.854284 -7.160955 0.140165 0.012593 -0.012145 -0.703280 0.710697
1667747440.967649 4.900815 -7.336389 0.149545 0.019468 -0.011899 -0.702864 0.710958
1667747441.972924 4.944414 -7.490757 0.168222 0.021652 -0.010600 -0.704248 0.709544
1667747442.975068 5.011970 -7.635489 0.185334 0.024088 -0.004700 -0.707954 0.705832
1667747443.975780 5.023381 -7.770891 0.197702 0.020887 -0.004100 -0.693543 0.720101
1667747445.017336 5.048999 -7.919431 0.190940 0.019977 -0.006418 -0.682838 0.730269
1667747446.386478 5.072990 -8.126643 0.181376 0.021759 -0.006325 -0.679732 0.733111
1667747447.486144 5.105138 -8.293604 0.167202 0.019052 -0.009282 -0.680533 0.732411
1667747448.585797 5.107718 -8.461968 0.145036 0.016675 -0.011809 -0.677604 0.735143
1667747449.685460 5.125849 -8.615397 0.135125 0.016015 -0.013729 -0.676989 0.735691
1667747450.785140 5.146266 -8.752219 0.126777 0.014042 -0.016615 -0.681365 0.731620
1667747451.884819 5.181646 -8.862389 0.126187 0.015734 -0.015220 -0.721775 0.691782
1667747453.184405 5.245800 -8.908174 0.143871 0.016277 -0.012295 -0.830771 0.556240
1667747454.250769 5.252350 -8.940978 0.141309 -0.016602 0.010093 0.871250 -0.490455
1667747457.549844 5.266424 -8.958045 0.142200 0.015506 -0.010705 -0.845625 0.533445
1667747463.101107 5.229776 -9.048685 0.130748 0.015557 -0.011778 -0.802014 0.596987
1667747468.798118 5.200104 -9.143040 0.139490 0.017363 -0.011093 -0.791993 0.610182
1667747471.063636 5.138635 -9.139997 0.138894 0.017292 -0.013105 -0.726044 0.687306
1667747474.461874 5.148952 -9.260466 0.137035 0.016942 -0.013116 -0.723100 0.690411
1667747476.893894 5.145296 -9.336960 0.146250 0.016138 -0.014508 -0.680323 0.732591
1667747477.897442 5.169295 -9.456061 0.143216 0.017133 -0.012293 -0.670773 0.741362
1667747478.901027 5.190208 -9.576737 0.145492 0.016203 -0.009069 -0.667432 0.744439
1667747479.901748 5.199524 -9.716274 0.135297 0.017352 -0.008948 -0.663305 0.748094
1667747480.902477 5.240009 -9.828210 0.140925 0.018995 -0.010983 -0.657613 0.753036
1667747482.003260 5.258019 -9.948932 0.141242 0.019633 -0.009330 -0.652164 0.757766
1667747483.104028 5.284964 -10.098469 0.143244 0.018045 -0.008117 -0.648582 0.760888
1667747489.375193 5.293609 -10.147093 0.135812 0.017752 -0.007227 -0.713756 0.700132
1667747490.476009 5.317371 -10.157454 0.136861 0.017106 -0.005255 -0.753683 0.656995
1667747491.476723 5.339491 -10.168354 0.135749 0.016503 -0.004227 -0.788379 0.614954
1667747493.478182 5.356068 -10.183918 0.138808 0.015546 -0.001733 -0.854988 0.518412
1667747494.478920 5.364723 -10.210513 0.127262 -0.013286 0.000027 0.900230 -0.435212
1667747495.513021 5.348152 -10.223072 0.108792 -0.011594 -0.000795 0.937942 -0.346598
1667747496.980751 5.330044 -10.226608 0.088502 -0.009669 -0.000469 0.963176 -0.268698
1667747499.082268 5.151474 -10.336945 0.075602 -0.012549 -0.003197 0.983117 -0.182521
1667747500.183059 5.036287 -10.363737 0.062192 -0.010534 -0.004238 0.992990 -0.117650
1667747501.317194 4.953045 -10.388573 0.065512 -0.008700 -0.005085 0.999835 -0.015141
1667747502.518070 4.796577 -10.414693 0.045252 -0.007266 -0.006123 0.999912 0.009299
1667747503.689280 4.660706 -10.411570 0.043136 -0.004494 -0.005919 0.999719 0.022492
1667747504.731876 4.512339 -10.418145 0.043016 -0.003824 -0.006098 0.999272 0.037458
1667747505.831260 4.375221 -10.414215 0.052821 -0.002817 -0.005658 0.998511 0.054188
1667747507.097215 4.179469 -10.373719 0.051640 -0.005814 -0.000021 0.997590 0.069148
1667747508.229932 4.004406 -10.363817 0.043444 -0.000250 0.002724 0.996378 0.084985
1667747509.296016 3.950916 -10.356482 0.057330 -0.003967 0.003345 0.999630 0.026704
1667747510.474698 3.877265 -10.329515 0.049093 -0.007352 0.001996 0.998446 -0.055204
1667747513.702291 3.668453 -10.340873 0.043085 -0.008185 0.001649 0.999964 -0.001161
1667747514.767060 3.540108 -10.347571 0.042877 -0.008444 0.000714 0.999926 0.008726
1667747516.031506 3.379255 -10.338791 0.035770 -0.008945 -0.003047 0.999601 0.026614
1667747517.395670 3.220868 -10.352099 0.034072 -0.007005 -0.004371 0.999206 0.038989
1667747518.460447 3.077089 -10.333765 0.030680 -0.005324 -0.001720 0.998897 0.046629
1667747519.492586 2.943711 -10.328403 0.030240 -0.002850 -0.000439 0.998770 0.049496
1667747520.730984 2.768908 -10.310478 0.021098 -0.003886 0.001547 0.998322 0.057754
1667747521.797117 2.640659 -10.296549 0.019633 -0.007988 -0.002555 0.997293 0.073056
1667747522.963171 2.525059 -10.280370 0.017820 -0.006224 -0.002407 0.997723 0.067110
1667747525.195275 2.285090 -10.264272 0.023076 -0.004900 0.001441 0.999373 0.035040
1667747527.369477 2.068139 -10.242884 0.019269 -0.006368 0.002540 0.999958 -0.006090
1667747528.603687 1.896327 -10.251221 0.011709 -0.006529 -0.000051 0.999973 -0.003449
1667747529.704460 1.744425 -10.255557 0.015289 -0.003604 0.000351 0.999990 -0.002817
1667747530.871964 1.571980 -10.249654 0.005890 -0.004699 0.004457 0.999967 -0.004963
1667747531.872671 1.425288 -10.242938 0.002152 -0.006508 0.004126 0.999962 -0.004169
1667747532.873390 1.283707 -10.247738 -0.000139 -0.005067 0.004285 0.999973 -0.003010
1667747533.980072 1.124907 -10.249847 -0.008900 -0.003350 0.005196 0.999979 -0.002116
1667747534.986888 0.997386 -10.263161 -0.011104 -0.004421 0.005113 0.999975 -0.002133
1667747536.286141 0.830611 -10.284044 -0.035688 -0.003790 0.005028 0.999974 -0.003604
1667747539.584959 0.730885 -10.298064 -0.042629 -0.002511 0.004062 0.994678 0.102920
1667747540.629741 0.677069 -10.289566 -0.033654 -0.000774 0.004527 0.984097 0.177570
1667747541.694510 0.631368 -10.281069 -0.027116 -0.001399 0.005093 0.963040 0.269306
1667747542.992223 0.569152 -10.262705 -0.013836 -0.001775 0.004461 0.920894 0.389784
1667747544.023716 0.546397 -10.235186 -0.018418 -0.001080 0.003425 0.862180 0.506590
1667747545.088483 0.491650 -10.233544 -0.026744 0.000488 0.001579 0.789955 0.613163
1667747546.219829 0.481073 -10.200745 -0.016899 0.000424 0.001234 0.744171 0.667988
1667747548.382622 0.465992 -9.968318 -0.006603 -0.001273 0.001567 0.673797 0.738913
1667747549.781762 0.489006 -9.829334 0.006319 -0.001698 -0.003521 0.660036 0.751224
1667747553.022514 0.490704 -9.630486 -0.007438 0.000390 -0.002452 0.692973 0.720959
1667747555.193579 0.462342 -9.458413 -0.019886 0.002651 -0.002521 0.717169 0.696890
1667747556.497640 0.468568 -9.304748 -0.015985 0.002604 -0.000886 0.722968 0.690877
1667747557.631540 0.480922 -9.143991 -0.032466 0.003944 -0.002393 0.729698 0.683754
1667747558.797721 0.455619 -9.037262 -0.016243 0.004158 -0.005471 0.730884 0.682467
1667747559.830626 0.426727 -8.921607 -0.007567 0.002330 -0.003568 0.732487 0.680768
1667747562.196341 0.363106 -8.772605 0.016195 0.001752 -0.002580 0.618423 0.785839
1667747563.229260 0.351555 -8.683968 0.010404 0.004795 -0.005541 0.538317 0.842711
1667747566.394587 0.399679 -8.628782 0.008578 0.004584 -0.006434 0.597634 0.801730
1667747568.794462 0.446333 -8.617960 0.004339 0.003922 -0.005619 0.639991 0.768352
1667747572.045973 0.450522 -8.505267 0.001422 0.005417 -0.007196 0.680498 0.732695
1667747574.090564 0.458809 -8.363770 -0.004110 0.003296 -0.006772 0.686222 0.727353
1667747576.253253 0.486193 -8.154736 -0.017979 0.001691 -0.004321 0.692596 0.721311
1667747578.582362 0.453858 -7.936371 -0.006210 0.004309 -0.006990 0.695618 0.718365
1667747580.590522 0.445501 -7.773087 -0.005064 0.007493 -0.008495 0.699533 0.714511
1667747581.687144 0.448595 -7.652489 -0.005002 0.006377 -0.009910 0.700430 0.713624
1667747582.883517 0.439541 -7.516471 -0.013348 0.001127 -0.004969 0.701878 0.712279
1667747583.980246 0.436452 -7.390965 -0.006789 0.000831 -0.002877 0.703403 0.710784
1667747585.113366 0.411948 -7.260243 -0.002448 -0.001815 -0.000527 0.705219 0.708987
1667747586.288385 0.424206 -7.106879 -0.011847 -0.001552 -0.000995 0.708153 0.706057
1667747587.289192 0.416314 -6.984428 -0.013441 -0.000077 -0.003948 0.709430 0.704765
1667747588.485536 0.392158 -6.844461 -0.005894 -0.000913 -0.004440 0.711199 0.702977
1667747589.486989 0.372985 -6.717112 -0.009411 -0.000775 -0.003835 0.711472 0.702703
1667747590.487793 0.362059 -6.598476 -0.005979 0.000639 -0.005225 0.712326 0.701829
1667747591.594292 0.364979 -6.461664 -0.001487 0.001034 -0.005040 0.713874 0.700255
1667747592.595920 0.358615 -6.342086 -0.001363 0.000262 -0.002606 0.715775 0.698326
1667747593.792203 0.321475 -6.194156 0.007435 0.000305 -0.003059 0.715701 0.698401
1667747594.922168 0.295540 -6.044955 0.011917 -0.000153 -0.001661 0.716389 0.697699
1667747596.192789 0.280394 -5.884057 0.009141 -0.000323 -0.002503 0.717726 0.696321
1667747597.463344 0.258876 -5.719321 0.009428 -0.000596 -0.005644 0.719868 0.694087
1667747598.500759 0.245224 -5.575788 0.005220 0.000029 -0.004681 0.721531 0.692367
1667747599.564114 0.227903 -5.434912 0.000111 -0.000875 -0.001901 0.695771 0.718261
1667747600.760513 0.216778 -5.296831 0.002420 -0.002113 -0.001971 0.687462 0.726215
1667747601.830472 0.230987 -5.149250 0.003957 -0.000992 -0.005875 0.686772 0.726848
1667747602.895934 0.199530 -4.998224 0.015198 -0.001023 -0.003233 0.685546 0.728022
1667747604.060606 0.162000 -4.833107 0.020152 0.000478 -0.006015 0.683951 0.729503
1667747605.125378 0.141948 -4.686663 0.029408 -0.002368 0.000136 0.683926 0.729547
1667747606.293447 0.113227 -4.518591 0.033496 -0.004690 -0.002059 0.680994 0.732271
1667747607.335897 0.101646 -4.356934 0.022058 -0.003743 -0.001054 0.681652 0.731667
1667747608.405196 0.101546 -4.207577 0.019976 -0.006654 0.001857 0.690967 0.722854
1667747609.469940 0.094438 -4.068183 0.018745 -0.000937 -0.001990 0.700265 0.713880
1667747610.501425 0.068493 -3.925789 0.025637 0.000280 -0.004086 0.699687 0.714438
1667747611.599448 0.041732 -3.769531 0.027198 -0.003081 -0.000942 0.698330 0.715769
1667747612.604226 0.068756 -3.624563 0.022592 -0.002565 0.000147 0.698799 0.715313
1667747613.611631 0.059313 -3.468550 0.017951 -0.003521 0.001615 0.699737 0.714390
1667747614.712833 0.088641 -3.312888 0.010410 -0.001584 -0.001752 0.700518 0.713631
1667747616.021724 0.087643 -3.133881 0.012070 -0.000385 -0.002781 0.701527 0.712637
1667747617.086703 0.111658 -2.987176 0.017078 0.000071 -0.000369 0.704247 0.709955
1667747618.150090 0.101497 -2.824495 0.004936 -0.002150 0.000925 0.704381 0.709818
1667747619.213544 0.101541 -2.665449 0.002932 -0.001461 -0.000626 0.703937 0.710260
1667747620.310210 0.082596 -2.510393 0.002310 0.001400 -0.001862 0.703455 0.710736
1667747621.510813 0.077072 -2.344188 0.001568 -0.000076 0.000789 0.704181 0.710020
1667747622.585037 0.050901 -2.187692 0.008345 0.004152 -0.006324 0.704076 0.710084
1667747623.652466 0.063069 -2.034442 0.014502 -0.000862 -0.002927 0.704027 0.710167
1667747624.715920 0.052505 -1.883761 0.006610 0.000503 -0.005122 0.704322 0.709862
1667747625.779359 0.042550 -1.720984 -0.001263 -0.000458 -0.006570 0.703383 0.710781
1667747626.909272 0.036992 -1.564495 0.006472 -0.001485 -0.005706 0.704403 0.709775
1667747628.005910 0.026122 -1.402953 0.023265 -0.001162 -0.006874 0.704585 0.709586
1667747629.076107 0.040757 -1.273177 0.025664 0.002310 -0.004351 0.696514 0.717527
1667747630.174799 0.011694 -1.107523 0.022526 -0.001186 -0.002995 0.694273 0.719705
1667747631.273606 0.029518 -0.944576 0.007586 0.001418 -0.003062 0.692959 0.720969
1667747632.278746 0.037317 -0.805073 0.009297 0.003536 -0.002196 0.692522 0.721385
1667747633.478163 0.028599 -0.627231 0.019016 -0.000019 0.000925 0.692157 0.721747
1667747634.677523 0.026309 -0.462622 0.019526 0.002423 -0.000620 0.692620 0.721299
1667747635.776917 0.034295 -0.303044 0.022854 0.001922 0.000598 0.691733 0.722151
1667747637.914490 0.028744 -0.187694 0.031546 0.003955 0.001453 0.691717 0.722157
