1667747000.255476 0.000000 0.000000 0.000000 0.000000 0.000000 0.000000 1.000000
1667747002.454321 0.163146 0.028546 0.003950 -0.001850 -0.005863 -0.003969 0.999973
1667747003.553718 0.280407 0.042389 -0.001738 -0.002357 -0.015812 -0.005386 0.999858
1667747004.653124 0.406501 0.068917 0.011912 -0.003140 -0.014539 -0.008496 0.999853
1667747005.752491 0.532948 0.070046 0.015588 0.000068 -0.014410 -0.007466 0.999868
1667747006.757785 0.666664 0.086410 0.020635 0.000564 -0.011973 -0.009957 0.999879
1667747007.859987 0.803297 0.087029 0.025745 0.000436 -0.011237 -0.009792 0.999889
1667747008.960761 0.948932 0.098722 0.033516 -0.001930 -0.011505 -0.009853 0.999883
1667747009.965577 1.077424 0.113458 0.041519 -0.002706 -0.010190 -0.011037 0.999884
1667747010.966148 1.212842 0.122295 0.045696 -0.002673 -0.011314 -0.012375 0.999856
1667747011.966439 1.349104 0.122287 0.052021 -0.002113 -0.010035 -0.013642 0.999854
1667747012.966738 1.492275 0.120789 0.060138 -0.001711 -0.010555 -0.012501 0.999865
1667747014.033728 1.650245 0.114646 0.062626 -0.000115 -0.009277 -0.012314 0.999881
1667747015.067410 1.780819 0.104025 0.074922 -0.000718 -0.015360 -0.014624 0.999775
1667747016.067702 1.869078 0.145638 0.078823 -0.000387 -0.019075 -0.131921 0.991077
1667747017.067983 1.939919 0.135083 0.068187 -0.000123 -0.018870 -0.182637 0.982999
1667747020.180039 1.971847 0.113646 0.084942 0.001076 -0.010955 -0.120908 0.992603
1667747023.289598 2.002732 0.101895 0.093684 0.000128 -0.008146 -0.052973 0.998563
1667747025.485443 2.190954 0.115514 0.097639 -0.003770 -0.010338 -0.011715 0.999871
1667747026.584937 2.309350 0.100172 0.094359 -0.003188 -0.009782 0.001917 0.999945
1667747027.682963 2.430843 0.117442 0.099824 -0.002781 -0.011168 0.018207 0.999768
1667747028.780987 2.571742 0.112462 0.085453 -0.001414 -0.014352 0.029614 0.999457
1667747029.879030 2.705389 0.115784 0.094022 -0.000168 -0.017314 0.039921 0.999053
1667747030.977086 2.852019 0.101900 0.110908 -0.001267 -0.014125 0.055449 0.998361
1667747032.075117 2.969767 0.158554 0.116747 -0.002921 -0.014499 0.014670 0.999783
1667747033.173161 3.020157 0.172216 0.136410 -0.003908 -0.011802 -0.086663 0.996160
1667747034.372738 3.156646 0.151105 0.149974 -0.004302 -0.009726 -0.139750 0.990130
1667747036.476507 3.171131 0.149383 0.159257 -0.005355 -0.007402 -0.058040 0.998272
1667747039.749779 3.282429 0.117292 0.180989 -0.002609 -0.001648 -0.033657 0.999429
1667747041.751213 3.467886 0.081384 0.148707 -0.000063 -0.017981 -0.034163 0.999255
1667747043.752621 3.654522 0.072114 0.136965 -0.000706 -0.020151 -0.025734 0.999465
1667747044.753323 3.791313 0.094845 0.158046 0.000031 -0.015409 -0.028501 0.999475
1667747045.754034 3.902079 0.071788 0.154850 0.001068 -0.019431 -0.026849 0.999450
1667747046.754752 4.032687 0.075314 0.153687 0.001643 -0.019158 -0.027738 0.999430
1667747047.755466 4.169147 0.075262 0.148671 0.001827 -0.023467 -0.028935 0.999304
1667747048.756181 4.309817 0.076929 0.156863 0.001700 -0.017771 -0.032844 0.999301
1667747049.763920 4.429285 0.049574 0.153266 0.001843 -0.019249 -0.031890 0.999304
1667747052.879060 4.570707 0.010631 0.136330 0.002697 -0.021405 -0.035570 0.999134
1667747053.977028 4.610074 0.015086 0.135816 0.005150 -0.018584 -0.139244 0.990070
1667747055.174802 4.642821 0.023170 0.132052 0.007200 -0.018416 -0.240061 0.970556
1667747056.183708 4.661343 -0.003044 0.111692 0.009166 -0.021177 -0.322734 0.946208
1667747057.192301 4.698489 -0.025316 0.113074 0.010793 -0.019812 -0.417409 0.908439
1667747058.290606 4.735069 -0.050062 0.108499 0.012002 -0.022038 -0.524357 0.851129
1667747059.296334 4.761911 -0.074984 0.106253 0.012880 -0.021885 -0.606623 0.794584
1667747060.393276 4.776622 -0.110577 0.100987 0.013523 -0.022902 -0.686806 0.726354
1667747061.487146 4.786980 -0.161255 0.101324 0.013649 -0.022550 -0.734292 0.678322
1667747062.581275 4.775130 -0.297345 0.115218 0.014668 -0.024185 -0.776305 0.629723
1667747063.675488 4.740871 -0.435207 0.111237 0.015391 -0.025860 -0.800592 0.598454
1667747064.769664 4.709351 -0.588997 0.110422 0.015187 -0.024876 -0.830546 0.556187
1667747065.866355 4.682159 -0.736298 0.088951 0.012490 -0.026685 -0.824045 0.565757
1667747066.868855 4.663578 -0.730330 0.096158 0.010979 -0.026366 -0.777804 0.627858
1667747068.977942 4.653076 -0.776316 0.113221 0.009187 -0.028936 -0.727505 0.685431
1667747071.169098 4.635582 -0.944604 0.124758 0.009476 -0.028305 -0.694925 0.718463
1667747073.279030 4.674769 -1.141773 0.131893 0.008213 -0.029752 -0.675780 0.736457
1667747074.284348 4.705585 -1.242197 0.129778 0.006819 -0.031562 -0.676051 0.736147
1667747075.285593 4.709855 -1.302709 0.125447 0.007987 -0.031316 -0.742946 0.668571
1667747077.385257 4.683126 -1.518670 0.134371 0.011392 -0.029978 -0.772831 0.633801
1667747081.779323 4.646874 -1.661053 0.140640 0.012167 -0.028989 -0.760368 0.648731
1667747084.891872 4.634149 -1.740069 0.139731 0.009574 -0.029544 -0.703372 0.710143
1667747087.062611 4.659071 -1.909847 0.148627 0.009539 -0.030778 -0.690561 0.722556
1667747088.159817 4.688032 -2.022917 0.148724 0.007138 -0.032145 -0.690178 0.722890
1667747089.259746 4.681647 -2.148435 0.150798 0.009753 -0.030596 -0.687378 0.725590
1667747090.361228 4.690637 -2.281069 0.150129 0.008879 -0.029257 -0.685365 0.727558
1667747091.459589 4.690375 -2.398672 0.155906 0.006548 -0.027366 -0.689918 0.723340
1667747092.557957 4.699429 -2.470381 0.166627 0.004046 -0.028808 -0.726025 0.687053
1667747093.656327 4.709535 -2.571133 0.178948 -0.000670 -0.032845 -0.726807 0.686056
1667747094.754708 4.712289 -2.692232 0.193157 0.000792 -0.030030 -0.725966 0.687075
1667747095.853117 4.684706 -2.839751 0.196883 0.001748 -0.028712 -0.725408 0.687718
1667747096.951518 4.701090 -2.966487 0.203441 0.001808 -0.032095 -0.725953 0.686993
1667747098.051647 4.694206 -3.098877 0.207921 0.003580 -0.032121 -0.725080 0.687906
1667747099.056250 4.696450 -3.197735 0.215006 0.004430 -0.031983 -0.724620 0.688392
1667747100.255954 4.692900 -3.303674 0.213886 0.002880 -0.032586 -0.724239 0.688772
1667747101.262751 4.686546 -3.346303 0.221167 0.002709 -0.032204 -0.679233 0.733211
1667747102.273672 4.695485 -3.457784 0.222813 0.002213 -0.033683 -0.674920 0.737119
1667747103.373084 4.725946 -3.603101 0.234728 0.006818 -0.030368 -0.671466 0.740381
1667747104.572436 4.751241 -3.759998 0.239540 0.005429 -0.035118 -0.670628 0.740943
1667747105.671839 4.761968 -3.852325 0.241536 0.006007 -0.035674 -0.720552 0.692456
1667747106.771226 4.757225 -3.955829 0.255267 0.009542 -0.033196 -0.722171 0.690851
1667747107.970617 4.735556 -4.113100 0.258878 0.011278 -0.032361 -0.719715 0.693423
1667747109.071183 4.735445 -4.270646 0.260695 0.009631 -0.033820 -0.718903 0.694220
1667747110.176378 4.738389 -4.415609 0.275673 0.010041 -0.030589 -0.720391 0.692820
1667747111.275028 4.731553 -4.528765 0.281535 0.009062 -0.027132 -0.702371 0.711236
1667747112.373659 4.745636 -4.680535 0.283386 0.009332 -0.032114 -0.698778 0.714557
1667747113.472332 4.740623 -4.830027 0.294191 0.009846 -0.035540 -0.695655 0.717429
1667747114.570944 4.749790 -4.986119 0.301066 0.006843 -0.034747 -0.695253 0.717892
1667747115.769418 4.744302 -5.155206 0.309146 0.005338 -0.035891 -0.693933 0.719124
1667747116.868059 4.734647 -5.297391 0.319042 0.005137 -0.034513 -0.692849 0.720238
1667747117.874260 4.732298 -5.440814 0.322098 0.006416 -0.034566 -0.691897 0.721139
1667747118.874294 4.750749 -5.600320 0.326731 0.007278 -0.033067 -0.692931 0.720208
1667747119.874313 4.770475 -5.740166 0.332931 0.006536 -0.033367 -0.694772 0.718426
1667747120.874325 4.764747 -5.885751 0.342422 0.006339 -0.035682 -0.693613 0.719435
1667747121.874343 4.797040 -6.035753 0.356886 0.007496 -0.031214 -0.693853 0.719401
1667747122.974364 4.808105 -6.202215 0.359945 0.008842 -0.032241 -0.692019 0.721105
1667747123.974415 4.828134 -6.342560 0.369479 0.006079 -0.034328 -0.692165 0.720896
1667747124.974722 4.846710 -6.476305 0.380923 0.004685 -0.033879 -0.692762 0.720355
1667747125.978765 4.853216 -6.629031 0.389741 0.009754 -0.032794 -0.690714 0.722318
1667747126.979508 4.855567 -6.772126 0.395703 0.008072 -0.035180 -0.689457 0.723427
1667747127.980227 4.853563 -6.922734 0.403822 0.004505 -0.032257 -0.691298 0.721835
1667747129.047674 4.884673 -7.069928 0.413228 -0.001577 -0.031935 -0.702840 0.710629
1667747130.048393 4.917179 -7.194439 0.418216 0.001441 -0.031786 -0.710417 0.703062
1667747131.049128 4.923806 -7.337244 0.406840 0.004331 -0.032249 -0.711013 0.702425
1667747132.049872 4.954911 -7.491957 0.424108 0.007329 -0.031553 -0.713064 0.700350
1667747133.051638 4.995726 -7.662652 0.426701 0.002818 -0.034544 -0.716467 0.696760
1667747134.063665 5.007483 -7.815018 0.435540 0.000145 -0.034238 -0.719840 0.693295
1667747135.163134 5.032605 -7.993617 0.441233 0.002521 -0.031401 -0.719512 0.693765
1667747136.362492 5.057901 -8.163624 0.458006 0.002154 -0.033064 -0.711930 0.701468
1667747137.461886 5.073743 -8.319016 0.455153 0.001555 -0.031417 -0.696165 0.717192
1667747138.561280 5.070699 -8.479806 0.471039 0.001876 -0.030074 -0.694577 0.718787
1667747139.660700 5.068089 -8.636175 0.462843 0.001522 -0.035905 -0.690066 0.722854
1667747140.760134 5.063567 -8.785073 0.482204 0.004415 -0.035712 -0.688087 0.724736
1667747141.859617 5.061886 -8.935141 0.497151 0.006819 -0.030277 -0.687319 0.725693
1667747143.058997 5.067483 -9.098926 0.521207 0.008627 -0.028537 -0.691453 0.721806
1667747144.158413 5.096595 -9.196054 0.538658 0.009366 -0.029819 -0.739861 0.672033
1667747145.257833 5.121892 -9.357583 0.532541 0.009456 -0.024967 -0.737718 0.674581
1667747146.357248 5.072110 -9.453927 0.531389 0.005698 -0.029094 -0.694148 0.719221
1667747147.456656 5.075332 -9.599670 0.536720 0.004251 -0.028602 -0.692311 0.721020
1667747148.556051 5.089099 -9.763881 0.522818 0.002379 -0.036904 -0.689948 0.722914
1667747149.559725 5.099313 -9.894595 0.545042 0.004727 -0.031286 -0.689962 0.723154
1667747150.563145 5.100984 -10.016626 0.559868 0.002258 -0.032207 -0.686734 0.726192
1667747152.564683 5.115664 -10.076093 0.573763 0.005472 -0.034276 -0.736566 0.675474
1667747153.565400 5.166752 -10.104043 0.570740 0.005459 -0.034354 -0.795843 0.604503
1667747154.566125 5.169496 -10.132130 0.569108 0.007769 -0.032718 -0.847889 0.529106
1667747155.566848 5.157774 -10.160892 0.563629 -0.010560 0.031357 0.896300 -0.442213
1667747156.574216 5.149861 -10.190783 0.569468 -0.013061 0.029853 0.926918 -0.373846
1667747157.580190 5.137583 -10.212415 0.566937 -0.014818 0.028798 0.959881 -0.278532
1667747158.687358 5.107139 -10.212346 0.565382 -0.016710 0.027486 0.985173 -0.168524
1667747159.691001 5.072361 -10.229269 0.545677 -0.015549 0.025120 0.996337 -0.080248
1667747160.788924 5.048182 -10.268003 0.564637 -0.019348 0.022079 0.999466 -0.014332
1667747162.984892 4.778505 -10.277761 0.509868 -0.018793 0.020674 0.995837 0.086769
1667747164.182732 4.606966 -10.297730 0.494030 -0.019981 0.020328 0.990618 0.133656
1667747166.378874 4.512496 -10.270836 0.477406 -0.016996 0.022950 0.996353 0.080411
1667747169.772866 4.451620 -10.236981 0.480138 -0.015215 0.024807 0.999419 0.017733
1667747170.870888 4.313760 -10.236644 0.483189 -0.016333 0.025560 0.999539 -0.000983
1667747171.968898 4.188592 -10.231634 0.488071 -0.012658 0.027181 0.999501 -0.009945
1667747172.973876 4.072325 -10.225004 0.503870 -0.018762 0.028953 0.999249 -0.017646
1667747173.973985 3.946044 -10.211289 0.494265 -0.017157 0.031549 0.998883 -0.030725
1667747174.980223 3.836926 -10.202806 0.546350 -0.012913 0.037351 0.998412 -0.040140
1667747175.981595 3.712574 -10.209786 0.535529 -0.013152 0.035532 0.998330 -0.043616
1667747176.982332 3.590397 -10.218494 0.535715 -0.012342 0.036293 0.998150 -0.047197
1667747178.049774 3.473008 -10.226351 0.532553 -0.015323 0.036184 0.998095 -0.047556
1667747180.151311 3.269710 -10.254595 0.532262 -0.017408 0.030730 0.999268 -0.014690
1667747181.152040 3.152843 -10.273636 0.538595 -0.014762 0.029036 0.999348 -0.015608
1667747182.152763 3.021891 -10.285916 0.536808 -0.013874 0.030982 0.999215 -0.020426
1667747183.153479 2.882780 -10.295001 0.539415 -0.013176 0.032184 0.999158 -0.021782
1667747184.154183 2.752016 -10.304921 0.540898 -0.011407 0.035980 0.998953 -0.025842
1667747185.154900 2.607392 -10.319690 0.528935 -0.016904 0.032885 0.998979 -0.025971
1667747186.255695 2.453040 -10.329687 0.525732 -0.012379 0.032189 0.998864 -0.032894
1667747187.256421 2.354377 -10.346816 0.525307 -0.013039 0.030769 0.999268 0.018638
1667747188.357224 2.214592 -10.351151 0.517277 -0.008630 0.034362 0.999171 0.020037
1667747189.357950 2.081380 -10.339116 0.517284 -0.010195 0.037178 0.999055 0.020089
1667747190.358687 1.932968 -10.341531 0.518650 -0.015722 0.034255 0.998990 0.024474
1667747191.359428 1.785864 -10.346045 0.518164 -0.011234 0.033794 0.999044 0.025351
1667747192.360135 1.646821 -10.343596 0.509977 -0.006982 0.035186 0.999015 0.026132
1667747193.360866 1.507738 -10.341861 0.505082 -0.010887 0.036495 0.998917 0.026729
1667747194.361603 1.352744 -10.334709 0.491131 -0.008510 0.036690 0.998881 0.028614
1667747195.362347 1.214105 -10.334146 0.494824 -0.011341 0.036170 0.998845 0.029523
1667747196.363081 1.126687 -10.324942 0.495820 -0.009175 0.036451 0.999019 -0.023419
1667747197.363802 1.018626 -10.343157 0.498436 -0.009272 0.037855 0.997990 -0.049977
1667747198.464594 0.893084 -10.369423 0.510669 -0.008092 0.038423 0.997834 -0.052780
1667747199.565403 0.758118 -10.395276 0.512757 -0.008922 0.038393 0.997681 -0.055495
1667747202.567585 0.632381 -10.455516 0.513318 -0.004574 0.038488 0.997802 -0.053748
1667747203.568289 0.602874 -10.448906 0.513448 -0.009369 0.037391 0.998896 0.026834
1667747204.568988 0.575123 -10.432032 0.497138 -0.009849 0.037000 0.993062 0.111188
1667747205.669765 0.558343 -10.399444 0.500486 -0.013206 0.035961 0.978833 0.201041
1667747206.670480 0.515139 -10.372643 0.474615 -0.013118 0.032783 0.956595 0.289274
1667747207.671193 0.495291 -10.365362 0.486040 -0.016312 0.031218 0.928222 0.370355
1667747208.671897 0.433402 -10.399862 0.487205 -0.019529 0.028997 0.896469 0.441725
1667747209.672602 0.422172 -10.382147 0.471854 -0.020591 0.025467 0.857739 0.513041
1667747210.773389 0.407907 -10.376150 0.462713 -0.021076 0.022816 0.805207 0.592180
1667747211.781963 0.375202 -10.354256 0.469560 -0.023431 0.021354 0.746462 0.664672
1667747213.886030 0.377053 -10.245193 0.478637 -0.027626 0.019646 0.687959 0.724957
1667747214.985421 0.364805 -10.132252 0.463446 -0.031429 0.018833 0.614958 0.787709
1667747218.283707 0.384390 -9.990035 0.443740 -0.028051 0.016923 0.646685 0.762053
1667747220.482602 0.359373 -9.898974 0.488497 -0.031284 0.017476 0.666954 0.744237
1667747221.485626 0.413784 -9.857476 0.500923 -0.029899 0.022059 0.734767 0.677301
1667747223.791499 0.389828 -9.647126 0.461439 -0.024591 0.019741 0.751686 0.658767
1667747225.954260 0.348326 -9.467677 0.451811 -0.022668 0.018306 0.752489 0.657960
1667747227.052271 0.346213 -9.420428 0.448795 -0.023665 0.017689 0.696111 0.717326
1667747228.056857 0.381330 -9.347574 0.429845 -0.023929 0.015386 0.663486 0.747647
1667747232.355578 0.388397 -9.217227 0.414280 -0.021785 0.015618 0.692545 0.720877
1667747233.455000 0.369049 -9.101948 0.409729 -0.021564 0.013406 0.697428 0.716205
1667747235.653816 0.349510 -8.972589 0.412885 -0.024390 0.016233 0.703007 0.710579
1667747236.753240 0.372765 -8.871994 0.415475 -0.024045 0.016352 0.704620 0.708989
1667747237.857484 0.410642 -8.747874 0.409248 -0.023565 0.015192 0.708992 0.704659
1667747238.960601 0.386834 -8.644184 0.390898 -0.019572 0.011590 0.709262 0.704578
1667747239.961321 0.400433 -8.525211 0.391522 -0.023560 0.015024 0.713016 0.700591
1667747240.962023 0.409702 -8.400941 0.380819 -0.024109 0.014986 0.715454 0.698083
1667747242.062795 0.391929 -8.257512 0.371748 -0.022387 0.014939 0.719150 0.694333
1667747243.063500 0.346510 -8.128572 0.364767 -0.021339 0.012969 0.719417 0.694130
1667747244.064205 0.322832 -8.005206 0.357670 -0.017847 0.009347 0.719698 0.693995
1667747245.064938 0.321171 -7.878800 0.352568 -0.016495 0.009249 0.723090 0.690495
1667747246.065658 0.294042 -7.747440 0.343499 -0.023176 0.013293 0.724464 0.688795
1667747247.066363 0.288892 -7.605242 0.332911 -0.022868 0.012389 0.727218 0.685914
1667747248.067079 0.263865 -7.478522 0.332260 -0.025439 0.014432 0.726170 0.686893
1667747249.067788 0.245769 -7.350752 0.319769 -0.024680 0.013345 0.718465 0.694997
1667747250.068526 0.252967 -7.214280 0.315791 -0.025552 0.014922 0.718737 0.694652
1667747251.069273 0.233136 -7.077299 0.300659 -0.025717 0.014386 0.718009 0.695410
1667747252.070008 0.192989 -6.951251 0.290600 -0.024351 0.009218 0.686306 0.726847
1667747253.070757 0.183842 -6.836904 0.290496 -0.021638 0.009157 0.686140 0.727090
1667747254.071496 0.188212 -6.692828 0.275863 -0.020246 0.006928 0.686568 0.726751
1667747255.072233 0.201876 -6.540677 0.273168 -0.021533 0.009381 0.687574 0.725734
1667747256.072972 0.205887 -6.396014 0.265745 -0.021464 0.010573 0.687364 0.725919
1667747257.073698 0.185336 -6.260100 0.255931 -0.022147 0.009540 0.686164 0.727047
1667747258.074414 0.174658 -6.128252 0.249280 -0.021373 0.008187 0.688550 0.724827
1667747259.075143 0.163167 -6.043507 0.248517 -0.020917 0.009622 0.738719 0.673620
1667747261.176659 0.118852 -5.839171 0.237061 -0.020729 0.006910 0.750666 0.660321
1667747263.178096 0.130236 -5.634000 0.203451 -0.018699 0.009301 0.743023 0.668940
1667747264.178814 0.130355 -5.518143 0.216739 -0.023161 0.015412 0.742141 0.669667
1667747265.179524 0.121840 -5.384129 0.203645 -0.018178 0.008576 0.742056 0.670037
1667747266.180304 0.093306 -5.289536 0.218674 -0.020967 0.007190 0.688097 0.725280
1667747267.181046 0.088467 -5.241272 0.224889 -0.023665 0.006260 0.619364 0.784722
1667747268.181762 0.106962 -5.126112 0.229456 -0.022500 0.005444 0.587947 0.808568
1667747274.569898 0.125708 -4.983554 0.241419 -0.021735 0.006249 0.630975 0.775474
1667747278.962007 0.116880 -4.857051 0.226597 -0.022749 0.013075 0.699574 0.714078
1667747281.158083 0.097170 -4.697912 0.217909 -0.024164 0.009523 0.706439 0.707297
1667747282.256135 0.106085 -4.562723 0.198227 -0.021770 0.010611 0.710840 0.702936
1667747283.354313 0.121733 -4.418151 0.200054 -0.020248 0.011960 0.714331 0.699413
1667747284.364954 0.116601 -4.302596 0.207721 -0.023510 0.015443 0.714965 0.698594
1667747285.462344 0.079195 -4.159893 0.204072 -0.019157 0.011577 0.713837 0.699954
1667747286.466298 0.041729 -4.032545 0.209835 -0.020049 0.012015 0.714390 0.699357
1667747287.666249 0.043542 -3.879082 0.196949 -0.021565 0.013667 0.716817 0.696793
1667747288.670273 0.030973 -3.742633 0.190484 -0.023140 0.015105 0.717490 0.696021
1667747289.769712 0.019860 -3.587023 0.176153 -0.021577 0.014068 0.718946 0.694588
1667747290.869127 -0.000816 -3.438420 0.153981 -0.021144 0.011888 0.719883 0.693672
1667747291.968552 -0.000910 -3.291954 0.143939 -0.018825 0.011070 0.721853 0.691702
1667747293.067986 -0.024086 -3.145180 0.135356 -0.017912 0.010689 0.723688 0.689812
1667747294.167412 -0.038653 -3.012507 0.130260 -0.021121 0.012178 0.717768 0.695855
1667747295.266822 -0.046988 -2.868825 0.132848 -0.019282 0.011238 0.718342 0.695332
1667747296.466209 -0.067098 -2.702146 0.132851 -0.017912 0.011187 0.719245 0.694435
1667747297.565638 -0.094439 -2.561005 0.127093 -0.016707 0.009014 0.718402 0.695369
1667747298.665053 -0.106844 -2.448948 0.115392 -0.018421 0.009424 0.678862 0.733974
1667747299.666605 -0.096209 -2.333210 0.111335 -0.016637 0.009270 0.676182 0.736489
1667747300.671893 -0.094189 -2.186080 0.101126 -0.014662 0.002389 0.674791 0.737859
1667747301.672635 -0.089436 -2.047943 0.104384 -0.018064 0.005793 0.674454 0.738073
1667747302.673359 -0.082379 -1.915470 0.094980 -0.017641 0.004549 0.673543 0.738923
1667747303.774151 -0.042679 -1.752639 0.092642 -0.017241 0.002143 0.673592 0.738899
1667747304.774874 -0.021163 -1.614879 0.082617 -0.017265 0.005181 0.673807 0.738687
1667747305.775601 -0.012254 -1.479255 0.070618 -0.013499 0.001011 0.672997 0.739521
1667747306.776318 -0.024205 -1.368621 0.047879 -0.008830 -0.002128 0.692069 0.721774
1667747308.777745 -0.036884 -1.142112 0.017819 -0.007338 -0.002035 0.714584 0.699509
1667747309.778464 -0.015649 -0.993614 0.011433 -0.002944 -0.002144 0.717041 0.697022
1667747310.779201 -0.055053 -0.842537 0.014459 -0.003748 -0.000132 0.715836 0.698258
1667747311.779934 -0.054502 -0.703351 0.007352 -0.001316 -0.000194 0.715580 0.698529
1667747312.780653 -0.059269 -0.585877 0.017205 -0.002959 -0.000653 0.688092 0.725617
1667747313.781391 -0.015843 -0.445769 0.028410 0.000268 -0.000234 0.687533 0.726153
1667747314.782122 0.007044 -0.305146 0.019884 0.002171 0.000403 0.687649 0.726040
1667747315.882897 0.019283 -0.194256 0.020631 0.004820 0.000038 0.688147 0.725555
1667747317.963001 0.008326 -0.106297 0.029932 0.000657 0.001929 0.603904 0.797054
1667747319.062379 0.017576 -0.066688 0.012331 0.000532 -0.000886 0.513562 0.858052
1667747320.161760 0.030790 -0.001563 0.003214 -0.000471 0.000034 0.438743 0.898613
1667747321.261150 0.027460 0.026004 0.019169 -0.000143 0.003083 0.334702 0.942319
1667747322.360534 0.028731 0.052252 0.007115 -0.002566 0.002099 0.229854 0.973220
1667747323.368368 0.047221 0.069830 -0.005065 -0.002294 -0.001746 0.121732 0.992559
1667747324.467943 0.072606 0.071883 -0.003618 -0.002459 -0.003937 0.044025 0.999020
1667747326.664731 0.266785 0.085313 -0.004822 -0.001825 -0.013809 -0.037350 0.999205
1667747327.763145 0.411631 0.079503 0.000234 -0.002587 -0.017773 -0.078661 0.996740
1667747328.961402 0.548589 0.057261 0.012240 0.001345 -0.015947 -0.103367 0.994515
1667747330.059803 0.681007 0.060354 0.015377 0.002128 -0.012026 -0.125542 0.992013
1667747331.158196 0.711092 0.059893 0.018038 0.000653 -0.013256 -0.049082 0.998707
1667747333.171699 0.860532 0.065152 0.027913 -0.000279 -0.011000 -0.020326 0.999733
1667747334.172741 0.972573 0.072957 0.029132 -0.001498 -0.010318 -0.014389 0.999842
1667747335.271111 1.099718 0.086764 0.039583 -0.002871 -0.012144 -0.006031 0.999904
1667747336.436033 1.246291 0.098778 0.050347 -0.001647 -0.008757 0.004372 0.999951
1667747337.467850 1.377864 0.108913 0.050653 -0.003406 -0.010820 0.017197 0.999788
1667747338.566467 1.504773 0.104730 0.059374 -0.000486 -0.009804 0.025823 0.999618
1667747339.570426 1.628225 0.119931 0.060203 -0.000675 -0.007857 0.026632 0.999614
1667747341.670078 1.807987 0.115990 0.068718 -0.001479 -0.018714 0.004333 0.999814
1667747342.676266 1.932079 0.134739 0.081958 -0.000220 -0.013039 0.005817 0.999898
1667747343.774893 2.075817 0.165495 0.081568 -0.001184 -0.006696 -0.016854 0.999835
1667747344.873482 2.189750 0.178386 0.089105 -0.002398 -0.012616 -0.050708 0.998631
1667747346.071939 2.364179 0.173117 0.082568 -0.000593 -0.011200 -0.048256 0.998772
1667747347.174083 2.518180 0.160990 0.079953 -0.001399 -0.015137 -0.046899 0.998784
1667747348.179694 2.652892 0.151073 0.087868 -0.001850 -0.016308 -0.046121 0.998801
1667747349.282158 2.798984 0.145173 0.101471 -0.000819 -0.017594 -0.047103 0.998735
1667747350.381456 2.965706 0.145037 0.140116 -0.002558 -0.011362 -0.046817 0.998836
1667747351.580493 3.151017 0.134014 0.154863 -0.006074 -0.006221 -0.046507 0.998880
1667747352.679736 3.299285 0.097475 0.175060 -0.002715 -0.004293 -0.042877 0.999067
1667747353.778994 3.446158 0.065736 0.143266 0.000494 -0.014490 -0.034504 0.999299
1667747354.878210 3.569822 0.055593 0.132447 -0.002674 -0.023588 -0.035020 0.999105
1667747355.977408 3.709205 0.049957 0.131737 0.000392 -0.018704 -0.022546 0.999571
1667747357.076581 3.854592 0.048668 0.160194 0.001344 -0.014913 -0.020748 0.999673
1667747358.081471 3.997790 0.061229 0.155160 0.001918 -0.020148 -0.023608 0.999516
1667747359.092002 4.144870 0.054978 0.149019 0.002909 -0.022726 -0.021318 0.999510
1667747360.092569 4.297035 0.056003 0.151325 0.004053 -0.019798 -0.023788 0.999513
1667747361.095305 4.428284 0.028713 0.149003 0.002333 -0.018103 -0.021811 0.999595
1667747363.293226 4.580407 0.010245 0.139035 0.004792 -0.020712 -0.111251 0.993565
1667747364.360589 4.630945 0.008052 0.131467 0.006555 -0.018017 -0.226781 0.973757
1667747365.559229 4.653574 -0.026089 0.107303 0.009180 -0.022299 -0.349113 0.936770
1667747366.657991 4.707779 -0.049389 0.105341 0.010986 -0.023712 -0.463900 0.885502
1667747367.756765 4.737279 -0.081111 0.110447 0.012555 -0.022042 -0.573965 0.818487
1667747368.855592 4.764453 -0.126053 0.101828 0.012798 -0.022671 -0.676569 0.735919
1667747369.955893 4.776034 -0.148489 0.102356 0.013619 -0.022108 -0.728144 0.684932
1667747372.063113 4.751440 -0.339128 0.116980 0.017868 -0.022661 -0.792966 0.608582
1667747374.161224 4.727844 -0.390063 0.107638 0.014711 -0.025747 -0.735592 0.676776
1667747376.267543 4.731264 -0.505709 0.113766 0.012102 -0.028099 -0.717838 0.695537
1667747377.268502 4.735700 -0.629729 0.116302 0.010027 -0.027330 -0.715405 0.698104
1667747378.367466 4.722243 -0.756516 0.116208 0.005749 -0.029442 -0.708674 0.704898
1667747379.566324 4.728420 -0.900692 0.118484 0.010586 -0.027359 -0.703026 0.710559
1667747380.665257 4.739877 -1.023278 0.127777 0.011176 -0.029110 -0.695934 0.717428
1667747381.864129 4.781008 -1.102556 0.120672 0.011146 -0.030294 -0.755272 0.654616
1667747382.963121 4.759742 -1.187978 0.124877 0.012795 -0.028348 -0.787952 0.614950
1667747384.062098 4.737437 -1.304839 0.128486 0.010624 -0.030999 -0.806091 0.590884
1667747386.161974 4.699371 -1.416442 0.127403 0.009569 -0.029950 -0.788944 0.613660
1667747389.167545 4.673261 -1.505447 0.131425 0.010607 -0.030318 -0.756075 0.653696
1667747391.283053 4.645180 -1.674488 0.136865 0.009810 -0.028752 -0.704547 0.709007
1667747392.283342 4.626332 -1.723844 0.131103 0.007562 -0.031026 -0.634899 0.771935
1667747393.284708 4.659359 -1.830147 0.135219 0.008214 -0.030999 -0.618016 0.785511
1667747398.880110 4.707913 -1.956063 0.149189 0.007375 -0.031970 -0.650100 0.759140
1667747399.979223 4.723081 -1.971280 0.145290 0.006619 -0.033149 -0.695075 0.718143
1667747401.078370 4.736803 -2.081668 0.148178 0.007916 -0.031580 -0.701281 0.712141
1667747402.177508 4.723772 -2.207712 0.155808 0.011654 -0.027248 -0.709380 0.704203
1667747403.276623 4.723872 -2.330910 0.161700 0.009774 -0.027312 -0.723850 0.689347
1667747404.375731 4.725878 -2.461793 0.166325 0.004594 -0.029001 -0.732089 0.680576
1667747405.474838 4.725615 -2.579896 0.183387 0.000934 -0.032149 -0.747657 0.663306
1667747406.578100 4.720062 -2.698942 0.198040 0.002191 -0.028445 -0.752713 0.657730
1667747408.582755 4.683878 -2.850794 0.196173 0.002269 -0.029238 -0.724604 0.688542
1667747409.584091 4.697543 -2.956403 0.201343 0.001213 -0.032600 -0.726533 0.686356
1667747410.651528 4.691810 -3.097095 0.207972 0.003436 -0.031581 -0.728142 0.684690
1667747411.652236 4.693027 -3.222110 0.214788 0.004467 -0.032430 -0.729034 0.683695
1667747412.753020 4.683331 -3.301816 0.219905 0.002714 -0.032593 -0.693490 0.719724
1667747413.753734 4.700036 -3.413345 0.220897 0.002109 -0.033339 -0.693912 0.719284
1667747414.754451 4.709234 -3.548527 0.225623 0.005623 -0.030095 -0.692935 0.720350
1667747415.763891 4.724780 -3.685484 0.229511 0.005710 -0.034161 -0.694673 0.718492
1667747416.867553 4.731467 -3.831744 0.241338 0.007121 -0.035359 -0.695310 0.717804
1667747417.966948 4.737411 -3.973797 0.256692 0.010133 -0.031973 -0.695395 0.717845
1667747419.066344 4.727492 -4.125277 0.261067 0.009579 -0.033215 -0.695443 0.717749
1667747420.265756 4.737799 -4.296822 0.264504 0.008505 -0.033268 -0.698010 0.715265
1667747421.365193 4.741390 -4.448290 0.277363 0.008070 -0.030229 -0.699771 0.713682
1667747422.367248 4.748538 -4.587801 0.283853 0.010518 -0.028247 -0.698992 0.714494
1667747423.376369 4.752675 -4.722808 0.286011 0.007244 -0.035717 -0.697871 0.715296
1667747424.474414 4.754426 -4.879077 0.292105 0.009444 -0.036228 -0.698250 0.714875
1667747425.475851 4.756299 -5.028125 0.300856 0.008476 -0.034294 -0.698887 0.714359
1667747426.483248 4.752957 -5.169317 0.307583 0.006938 -0.035476 -0.698791 0.714412
1667747427.579898 4.749600 -5.315601 0.318947 0.006103 -0.033876 -0.700648 0.712676
1667747428.676572 4.749577 -5.471286 0.321153 0.006689 -0.033715 -0.699182 0.714117
1667747429.773253 4.764274 -5.657943 0.323258 0.006711 -0.033336 -0.700112 0.713223
1667747430.869951 4.781679 -5.810537 0.334866 0.005550 -0.034587 -0.702510 0.710811
1667747431.871670 4.779979 -5.961162 0.346410 0.007204 -0.033990 -0.703667 0.709680
1667747432.872271 4.797258 -6.104104 0.359089 0.008386 -0.032608 -0.706483 0.706928
1667747433.970367 4.791715 -6.270622 0.361318 0.008716 -0.033463 -0.706989 0.706379
1667747435.068462 4.825427 -6.417769 0.375203 0.003777 -0.036728 -0.712938 0.700254
1667747436.166522 4.823736 -6.575486 0.386522 0.008456 -0.032855 -0.713181 0.700159
1667747437.264593 4.821386 -6.736372 0.391266 0.008373 -0.034529 -0.715550 0.697657
1667747438.363741 4.816843 -6.900522 0.399922 0.002434 -0.032574 -0.719239 0.693994
1667747439.368282 4.835043 -7.029495 0.406518 -0.000575 -0.030674 -0.708212 0.705333
1667747440.467925 4.854208 -7.176823 0.408361 0.004341 -0.031055 -0.705952 0.707565
1667747441.469380 4.861560 -7.322240 0.407255 0.007364 -0.033235 -0.705134 0.708257
1667747442.474707 4.896990 -7.475016 0.410519 0.006038 -0.034838 -0.705110 0.708216
1667747443.575496 4.940948 -7.633647 0.420265 0.004475 -0.031380 -0.701783 0.711686
1667747444.579267 4.950860 -7.772718 0.422687 -0.003175 -0.034799 -0.684461 0.728211
1667747445.586740 4.987802 -7.932977 0.434590 0.001616 -0.031290 -0.682477 0.730235
1667747446.686402 5.022904 -8.113230 0.440078 0.001811 -0.034730 -0.680628 0.731804
1667747447.786058 5.060587 -8.278662 0.456328 0.002973 -0.030747 -0.681844 0.730845
1667747448.885701 5.059895 -8.437188 0.469446 0.003027 -0.030605 -0.679146 0.733358
1667747449.985367 5.052904 -8.600079 0.467933 0.002256 -0.033850 -0.678001 0.734277
1667747451.085040 5.071514 -8.729861 0.479948 0.003109 -0.035589 -0.680160 0.732193
1667747452.184712 5.104095 -8.816654 0.495757 0.007061 -0.033244 -0.749272 0.661390
1667747453.284369 5.141119 -8.855332 0.534782 0.012866 -0.028113 -0.835755 0.548231
1667747454.317422 5.132616 -8.878707 0.501914 -0.011077 0.030360 0.867994 -0.495523
1667747457.649818 5.114206 -8.916718 0.519965 0.011572 -0.029354 -0.839006 0.543207
1667747462.867910 5.067231 -8.997480 0.523611 0.009729 -0.029662 -0.805522 0.591743
1667747468.531580 5.034545 -9.096060 0.536017 0.011213 -0.028908 -0.787400 0.615663
1667747470.663846 4.996095 -9.106902 0.524153 0.008907 -0.030585 -0.739871 0.671995
1667747475.061552 4.999625 -9.249114 0.521798 0.006754 -0.031357 -0.707165 0.706320
1667747477.260333 4.982561 -9.379313 0.524411 0.004398 -0.032075 -0.668758 0.742775
1667747479.368030 4.992929 -9.606896 0.523312 0.004734 -0.027118 -0.653342 0.756562
1667747480.368752 5.010499 -9.712975 0.528174 0.003475 -0.032375 -0.645592 0.762988
1667747482.370182 5.058710 -9.901575 0.546819 0.002884 -0.031161 -0.635398 0.771550
1667747483.370881 5.098350 -10.008711 0.568237 0.000799 -0.032211 -0.629863 0.776037
1667747488.374478 5.094359 -10.018823 0.567900 0.002506 -0.032824 -0.669475 0.742105
1667747490.476009 5.111341 -10.014518 0.567166 0.003974 -0.034359 -0.736935 0.675078
1667747491.476723 5.139768 -10.014416 0.568500 0.004853 -0.034143 -0.772341 0.634271
1667747493.478182 5.176917 -10.027333 0.558124 0.006024 -0.034341 -0.841741 0.538755
1667747494.478920 5.175834 -10.038854 0.548850 -0.007307 0.034726 0.887892 -0.458681
1667747495.579735 5.179119 -10.068011 0.562348 -0.011845 0.032057 0.931306 -0.362630
1667747496.580457 5.190140 -10.067609 0.560168 -0.013225 0.032028 0.951252 -0.306464
1667747498.581910 5.051558 -10.135337 0.556139 -0.018172 0.028353 0.966873 -0.253025
1667747499.582627 4.962609 -10.187603 0.543195 -0.017172 0.027932 0.985111 -0.168763
1667747500.650058 4.868178 -10.213280 0.530954 -0.018760 0.023939 0.995114 -0.093931
1667747501.684128 4.767282 -10.241815 0.516589 -0.016725 0.024414 0.999074 -0.031228
1667747502.751577 4.608561 -10.281310 0.491656 -0.014637 0.022687 0.999573 -0.011215
1667747503.756814 4.467019 -10.303030 0.494105 -0.015912 0.023624 0.999594 -0.000672
1667747504.765191 4.325199 -10.297631 0.483426 -0.014356 0.024146 0.999561 0.009404
1667747505.864576 4.177201 -10.275208 0.487708 -0.014492 0.025231 0.999308 0.023184
1667747506.963962 4.036357 -10.265062 0.509322 -0.020042 0.028834 0.998642 0.038475
1667747508.063367 3.882641 -10.231211 0.535902 -0.012560 0.034700 0.997760 0.055790
1667747510.171314 3.764435 -10.203950 0.538998 -0.011515 0.037105 0.996385 -0.075554
1667747512.271491 3.667451 -10.219034 0.539761 -0.012353 0.036478 0.998528 -0.038179
1667747514.467569 3.453642 -10.235149 0.536040 -0.015590 0.035389 0.999059 -0.019616
1667747515.565628 3.330474 -10.242450 0.534368 -0.016451 0.032871 0.999310 -0.005341
1667747516.663697 3.199856 -10.268270 0.535101 -0.016696 0.028801 0.999391 0.010429
1667747517.761736 3.069811 -10.279846 0.534634 -0.014574 0.029835 0.999242 0.020296
1667747518.859791 2.932868 -10.277903 0.534810 -0.014628 0.031839 0.998975 0.028646
1667747519.861190 2.805417 -10.271558 0.535237 -0.012426 0.033524 0.998896 0.030472
1667747520.864252 2.670949 -10.271011 0.525842 -0.013414 0.033430 0.998532 0.040442
1667747521.963699 2.526111 -10.264653 0.521153 -0.018186 0.029241 0.997733 0.057824
1667747524.162517 2.344988 -10.254990 0.518543 -0.012836 0.031078 0.999327 0.014635
1667747525.228587 2.200948 -10.248884 0.516181 -0.012386 0.034891 0.999184 0.016170
1667747527.269406 1.997011 -10.255779 0.511872 -0.012738 0.036249 0.998998 -0.022953
1667747528.370190 1.845472 -10.258664 0.512967 -0.014592 0.033543 0.999071 -0.022766
1667747529.370887 1.702491 -10.283681 0.505363 -0.008665 0.032836 0.999263 -0.017884
1667747530.371612 1.565705 -10.296191 0.502932 -0.008699 0.035414 0.999151 -0.019160
1667747531.372313 1.424691 -10.299378 0.495072 -0.010317 0.038311 0.999055 -0.017751
1667747532.373031 1.284396 -10.298351 0.491107 -0.008069 0.038017 0.999099 -0.017030
1667747533.373748 1.140036 -10.316246 0.497606 -0.009944 0.036232 0.999161 -0.016322
1667747534.385570 0.997165 -10.339318 0.497970 -0.008871 0.038199 0.999116 -0.015134
1667747535.386642 0.846389 -10.352238 0.506851 -0.010029 0.038310 0.999094 -0.015603
1667747536.585966 0.684889 -10.375920 0.501551 -0.009636 0.037638 0.999108 -0.016571
1667747539.787234 0.592678 -10.400877 0.496485 -0.010226 0.036950 0.993468 0.107476
1667747540.796142 0.564147 -10.343690 0.492916 -0.012821 0.036861 0.982479 0.182243
1667747541.894180 0.535777 -10.346953 0.482565 -0.013881 0.033561 0.960065 0.277410
1667747542.992223 0.496926 -10.342281 0.485874 -0.017477 0.030924 0.924865 0.378634
1667747544.056989 0.461119 -10.351127 0.474226 -0.019802 0.026638 0.867697 0.495985
1667747545.188301 0.439839 -10.342040 0.471897 -0.021381 0.022561 0.788111 0.614748
1667747546.286372 0.421205 -10.317389 0.478613 -0.023973 0.022293 0.748758 0.662034
1667747548.449155 0.389833 -10.095898 0.480172 -0.028256 0.020563 0.677137 0.735026
1667747550.552896 0.408031 -9.956119 0.491136 -0.028337 0.017219 0.686128 0.726725
1667747552.753040 0.398459 -9.771889 0.490980 -0.029269 0.020297 0.698434 0.714788
1667747554.860788 0.406668 -9.612396 0.457893 -0.025484 0.018346 0.723634 0.689470
1667747555.961073 0.380279 -9.482439 0.455574 -0.023637 0.016762 0.727579 0.685412
1667747556.965190 0.407688 -9.356593 0.442058 -0.023338 0.018865 0.733905 0.678589
1667747558.064720 0.396194 -9.222075 0.420968 -0.021638 0.017637 0.738680 0.673478
1667747559.164250 0.372065 -9.093627 0.406545 -0.020496 0.014903 0.740707 0.671350
1667747560.263792 0.330089 -8.990310 0.410464 -0.023328 0.018052 0.740568 0.671333
1667747561.363341 0.297191 -8.932626 0.419076 -0.026043 0.015146 0.672859 0.739157
1667747562.462887 0.355886 -8.833263 0.410993 -0.025514 0.012489 0.615492 0.787631
1667747563.562439 0.446633 -8.789214 0.391798 -0.023892 0.008308 0.555403 0.831197
1667747566.861048 0.439078 -8.769795 0.408857 -0.023600 0.011887 0.621319 0.783112
1667747570.979876 0.441724 -8.660576 0.388425 -0.021532 0.010783 0.662270 0.748878
1667747574.090564 0.437471 -8.508796 0.389676 -0.023021 0.011779 0.695582 0.717981
1667747576.286525 0.456580 -8.325858 0.375691 -0.023712 0.015026 0.703833 0.709810
1667747577.384538 0.427295 -8.218132 0.370774 -0.021947 0.013138 0.704910 0.708835
1667747578.482558 0.396686 -8.108253 0.365090 -0.020185 0.011159 0.704692 0.709138
1667747580.490848 0.384128 -7.944478 0.358338 -0.016241 0.008766 0.707841 0.706131
1667747581.587477 0.389837 -7.832879 0.351881 -0.017863 0.008090 0.709364 0.704570
1667747582.684121 0.366179 -7.699864 0.336983 -0.022333 0.010454 0.708903 0.704875
1667747583.780775 0.363164 -7.589114 0.333480 -0.022598 0.012232 0.710794 0.702930
1667747584.877929 0.335326 -7.447106 0.329358 -0.025296 0.015165 0.711750 0.701813
1667747585.887224 0.343159 -7.320045 0.313194 -0.024281 0.015847 0.714590 0.698943
1667747586.890319 0.333315 -7.195999 0.315610 -0.024118 0.015420 0.715693 0.697828
1667747587.987000 0.311317 -7.072675 0.306820 -0.024042 0.013240 0.717035 0.696497
1667747589.085224 0.291913 -6.936038 0.290494 -0.023553 0.010752 0.717799 0.695769
1667747590.288149 0.271563 -6.791060 0.283943 -0.022369 0.009477 0.718040 0.695578
1667747591.392101 0.277503 -6.646228 0.272747 -0.019632 0.008302 0.720011 0.693635
1667747592.396547 0.272106 -6.512132 0.267959 -0.020965 0.010460 0.721752 0.691755
1667747593.493180 0.247046 -6.376188 0.264624 -0.021370 0.011973 0.722547 0.690888
1667747594.556607 0.217205 -6.240705 0.253423 -0.021003 0.011074 0.722671 0.690784
1667747595.658643 0.174581 -6.102333 0.247868 -0.022119 0.009633 0.722353 0.691103
1667747596.758424 0.148327 -5.964875 0.244191 -0.021782 0.007932 0.723857 0.689560
1667747597.867796 0.145456 -5.814056 0.233239 -0.020263 0.006836 0.727328 0.685957
1667747598.965922 0.157112 -5.661580 0.210076 -0.019691 0.007959 0.727453 0.685829
1667747601.160827 0.147556 -5.381541 0.216663 -0.020460 0.007324 0.694958 0.718722
1667747602.163947 0.159967 -5.238512 0.213162 -0.021606 0.006740 0.694495 0.719141
1667747603.262006 0.144039 -5.078740 0.230096 -0.020599 0.009687 0.693368 0.720224
1667747604.360111 0.121722 -4.931026 0.227585 -0.019580 0.007405 0.692721 0.720902
1667747605.458159 0.085628 -4.770110 0.221004 -0.022831 0.009200 0.690395 0.723014
1667747606.461872 0.086828 -4.616077 0.201283 -0.022337 0.007648 0.688106 0.725226
1667747607.469815 0.109955 -4.461318 0.201095 -0.020634 0.010963 0.690252 0.723192
1667747608.471744 0.117225 -4.321512 0.199918 -0.023182 0.013708 0.702893 0.710786
1667747609.569760 0.091322 -4.171514 0.205407 -0.020086 0.012439 0.707814 0.706004
1667747610.667787 0.058628 -4.013311 0.210122 -0.019942 0.013202 0.705628 0.708179
1667747611.765797 0.038096 -3.842338 0.192006 -0.021732 0.012581 0.704685 0.709076
1667747612.772717 0.031016 -3.689018 0.185121 -0.023255 0.014128 0.704316 0.709365
1667747613.779093 0.037680 -3.534818 0.170369 -0.021577 0.014377 0.705801 0.707936
1667747614.879175 0.029392 -3.371868 0.151257 -0.020370 0.010107 0.705562 0.708283
1667747615.886880 0.017224 -3.225480 0.143978 -0.017519 0.009194 0.705817 0.708118
1667747616.887383 -0.005570 -3.085860 0.136757 -0.017453 0.010077 0.706291 0.707635
1667747617.983936 0.004149 -2.911824 0.133192 -0.019735 0.011077 0.706907 0.706944
1667747619.080593 -0.005629 -2.745643 0.131010 -0.019721 0.011193 0.706041 0.707808
1667747620.177239 -0.040467 -2.580098 0.124537 -0.017157 0.008783 0.703843 0.710094
1667747621.275350 -0.041653 -2.406326 0.113021 -0.018862 0.011684 0.704356 0.709500
1667747622.284146 -0.040916 -2.258093 0.112837 -0.015221 0.004710 0.704769 0.709258
1667747623.286839 -0.041666 -2.111232 0.105562 -0.015946 0.005312 0.704648 0.709358
1667747624.383561 -0.045453 -1.957710 0.095921 -0.017781 0.006845 0.704497 0.709451
1667747625.480253 -0.041436 -1.799352 0.085917 -0.018044 0.004237 0.705331 0.708636
1667747626.576960 -0.036378 -1.643206 0.072343 -0.016164 0.004679 0.705008 0.708999
1667747627.673646 -0.046213 -1.482638 0.041018 -0.012243 -0.000999 0.704480 0.709618
1667747628.674168 -0.042596 -1.349027 0.057100 -0.007835 -0.000698 0.697780 0.716269
1667747629.675730 -0.050198 -1.219371 0.025862 -0.008109 -0.003041 0.694062 0.719863
1667747630.773801 -0.039760 -1.056275 0.018340 -0.004317 -0.002221 0.692922 0.720996
1667747631.776354 -0.071183 -0.894311 0.006032 -0.001295 -0.003191 0.689191 0.724572
1667747632.778521 -0.055056 -0.739783 0.009460 -0.002044 -0.001123 0.689077 0.724684
1667747633.877947 -0.021967 -0.575309 0.012608 -0.002559 -0.000152 0.690076 0.723732
1667747635.077283 -0.010870 -0.396085 0.026512 -0.000845 0.001068 0.690399 0.723428
1667747636.176659 0.018165 -0.250062 0.020357 0.001905 0.000473 0.691306 0.722559
1667747639.283904 0.040499 -0.152471 0.019013 0.005076 0.000738 0.692189 0.721698
