1667755341 -0.0002594749955749578 0.008770334190038765 0.0 0.0 0.0 -0.00026817122068326766 -0.00026817122068326766
1667755341 -0.0002594749955749578 0.008770334190038765 0.0 0.0 0.0 -0.00026817122068326766 -0.00026817122068326766
1667755341 -0.0002594749955749578 0.008770334190038765 0.0 0.0 0.0 -0.00026817122068326766 -0.00026817122068326766
1667755341 -0.0002594749955749578 0.008770334190038765 0.0 0.0 0.0 -0.00026817122068326766 -0.00026817122068326766
1667755341 -0.0002594749955749578 0.008770334190038765 0.0 0.0 0.0 -0.00026817122068326766 -0.00026817122068326766
1667755346 -0.005027967354873232 0.004449890355032307 0.0 0.0 0.0 -0.00019377614043824512 -0.00019377614043824512
1667755346 -0.005027967354873232 0.004449890355032307 0.0 0.0 0.0 -0.00019377614043824512 -0.00019377614043824512
1667755348 0.20200559768117768 -0.012028728391775205 0.0 0.0 0.0 -0.0032667895621911404 -0.0032667895621911404
1667755348 0.20200559768117768 -0.012028728391775205 0.0 0.0 0.0 -0.0032667895621911404 -0.0032667895621911404
1667755350 0.40332981518543587 -0.016472824298369743 0.0 0.0 0.0 -0.008349344725079675 -0.008349344725079675
1667755350 0.40332981518543587 -0.016472824298369743 0.0 0.0 0.0 -0.008349344725079675 -0.008349344725079675
1667755352 0.6124936812620365 -0.041096964022109175 0.0 0.0 0.0 -0.010206654405788194 -0.010206654405788194
1667755354 0.8233853231790687 -0.05077282976703373 0.0 0.0 0.0 -0.014489471785558688 -0.014489471785558688
1667755354 0.8233853231790687 -0.05077282976703373 0.0 0.0 0.0 -0.014489471785558688 -0.014489471785558688
1667755355 1.0249312612731514 -0.044031696781673735 0.0 0.0 0.0 -0.01602295908178193 -0.01602295908178193
1667755357 1.239543444900922 -0.0705089091024488 0.0 0.0 0.0 -0.02262133789446299 -0.02262133789446299
1667755357 1.239543444900922 -0.0705089091024488 0.0 0.0 0.0 -0.02262133789446299 -0.02262133789446299
1667755358 1.4071348973107818 -0.08736902289887831 0.0 0.0 0.0 -0.03158215517148091 -0.03158215517148091
1667755360 1.6112560160388587 -0.10654060171777766 0.0 0.0 0.0 -0.029552527910190685 -0.029552527910190685
1667755360 1.6112560160388587 -0.10654060171777766 0.0 0.0 0.0 -0.029552527910190685 -0.029552527910190685
1667755361 1.8283138069587819 -0.12826315320565065 0.0 0.0 0.0 -0.03686713363785835 -0.03686713363785835
1667755363 2.0294376848283773 -0.13701042366119057 0.0 0.0 0.0 -0.03592386779912857 -0.03592386779912857
1667755364 2.2290425644628185 -0.1573180946472284 0.0 0.0 0.0 -0.03893390631665621 -0.03893390631665621
1667755364 2.2290425644628185 -0.1573180946472284 0.0 0.0 0.0 -0.03893390631665621 -0.03893390631665621
1667755365 2.436295117624395 -0.18478252973103135 0.0 0.0 0.0 -0.03427762301145628 -0.03427762301145628
1667755367 2.5706080927838304 -0.19369331728945088 0.0 0.0 0.0 -0.01791068997174876 -0.01791068997174876
1667755368 2.776105033977515 -0.20823258277005216 0.0 0.0 0.0 -0.01888782009196373 -0.01888782009196373
1667755369 2.8458031191026922 -0.20920798871369284 0.0 0.0 0.0 -0.010086450233840385 -0.010086450233840385
1667755370 3.047627972430869 -0.21518241856900674 0.0 0.0 0.0 -0.008966489887169483 -0.008966489887169483
1667755370 3.047627972430869 -0.21518241856900674 0.0 0.0 0.0 -0.008966489887169483 -0.008966489887169483
1667755371 3.2589365076234458 -0.22841439837581637 0.0 0.0 0.0 -0.006217349688122819 -0.006217349688122819
1667755373 3.463514561087256 -0.23483793775687958 0.0 0.0 0.0 -0.0054129458775813225 -0.0054129458775813225
1667755373 3.463514561087256 -0.23483793775687958 0.0 0.0 0.0 -0.0054129458775813225 -0.0054129458775813225
1667755374 3.6765804460777813 -0.24259396319819712 0.0 0.0 0.0 0.004240341286654894 0.004240341286654894
1667755376 3.8775471979844744 -0.252015158652244 0.0 0.0 0.0 0.0023391854913827953 0.0023391854913827953
1667755376 3.8775471979844744 -0.252015158652244 0.0 0.0 0.0 0.0023391854913827953 0.0023391854913827953
1667755377 4.0896504242857965 -0.2469974398755535 0.0 0.0 0.0 0.007276869470592309 0.007276869470592309
1667755379 4.295858336749337 -0.2555208912142058 0.0 0.0 0.0 0.005513921188067964 0.005513921188067964
1667755380 4.42662744047834 -0.2605935943815373 0.0 0.0 0.0 -0.0746248734987132 -0.0746248734987132
1667755381 4.4440164633625905 -0.2681390993898371 0.0 0.0 0.0 -0.19148102621222954 -0.19148102621222954
1667755382 4.463279569591733 -0.2834678110580324 0.0 0.0 0.0 -0.28387597940580145 -0.28387597940580145
1667755383 4.476764658206538 -0.3048157422282131 0.0 0.0 0.0 -0.3891261307281856 -0.3891261307281856
1667755384 4.477669047573139 -0.32478403225445845 0.0 0.0 0.0 -0.49531105266054165 -0.49531105266054165
1667755385 4.485856149848769 -0.3380531370367449 0.0 0.0 0.0 -0.5906581590183303 -0.5906581590183303
1667755386 4.495455209089793 -0.34291620753555135 0.0 0.0 0.0 -0.6870884998011844 -0.6870884998011844
1667755387 4.4922374531573075 -0.3688974115957769 0.0 0.0 0.0 -0.7709371267957268 -0.7709371267957268
1667755388 4.484919750593052 -0.37994009927551287 0.0 0.0 0.0 -0.7969364055650575 -0.7969364055650575
1667755389 4.48367388683795 -0.3824683792783425 0.0 0.0 0.0 -0.7768890084478399 -0.7768890084478399
1667755389 4.490893063331064 -0.3829811506546433 0.0 0.0 0.0 -0.764126404353511 -0.764126404353511
1667755391 4.488888924019455 -0.3875426305165294 0.0 0.0 0.0 -0.7305140824644099 -0.7305140824644099
1667755391 4.488888924019455 -0.3875426305165294 0.0 0.0 0.0 -0.7305140824644099 -0.7305140824644099
1667755391 4.488888924019455 -0.3875426305165294 0.0 0.0 0.0 -0.7305140824644099 -0.7305140824644099
1667755393 4.4696479279802865 -0.5933391893650354 0.0 0.0 0.0 -0.7268775757527948 -0.7268775757527948
1667755395 4.460344168731556 -0.8069394824161084 0.0 0.0 0.0 -0.7247718054411937 -0.7247718054411937
1667755395 4.460344168731556 -0.8069394824161084 0.0 0.0 0.0 -0.7247718054411937 -0.7247718054411937
1667755397 4.443880424954951 -1.010113549161248 0.0 0.0 0.0 -0.7222852717304716 -0.7222852717304716
1667755397 4.443880424954951 -1.010113549161248 0.0 0.0 0.0 -0.7222852717304716 -0.7222852717304716
1667755398 4.438045334685925 -1.2146632145328649 0.0 0.0 0.0 -0.721505123244223 -0.721505123244223
1667755400 4.420181903874059 -1.4166821482532665 0.0 0.0 0.0 -0.7187897582680188 -0.7187897582680188
1667755400 4.420181903874059 -1.4166821482532665 0.0 0.0 0.0 -0.7187897582680188 -0.7187897582680188
1667755401 4.408414572616299 -1.627269061512056 0.0 0.0 0.0 -0.7175045370520459 -0.7175045370520459
1667755403 4.403787412414847 -1.8296185869628603 0.0 0.0 0.0 -0.7171086814244807 -0.7171086814244807
1667755403 4.403787412414847 -1.8296185869628603 0.0 0.0 0.0 -0.7171086814244807 -0.7171086814244807
1667755404 4.391984929315948 -2.039399361989894 0.0 0.0 0.0 -0.7171728806150042 -0.7171728806150042
1667755406 4.369615160021922 -2.2432291598881666 0.0 0.0 0.0 -0.7152256653557479 -0.7152256653557479
1667755406 4.369615160021922 -2.2432291598881666 0.0 0.0 0.0 -0.7152256653557479 -0.7152256653557479
1667755407 4.365331164346835 -2.4500452979690257 0.0 0.0 0.0 -0.7178876397948517 -0.7178876397948517
1667755409 4.352601309979883 -2.6526701755044733 0.0 0.0 0.0 -0.7190462616248843 -0.7190462616248843
1667755409 4.352601309979883 -2.6526701755044733 0.0 0.0 0.0 -0.7190462616248843 -0.7190462616248843
1667755410 4.3355897026107035 -2.8574955668201616 0.0 0.0 0.0 -0.716220777953972 -0.716220777953972
1667755412 4.337489323325054 -3.0639109636422885 0.0 0.0 0.0 -0.7127699060751733 -0.7127699060751733
1667755412 4.337489323325054 -3.0639109636422885 0.0 0.0 0.0 -0.7127699060751733 -0.7127699060751733
1667755413 4.316298843587431 -3.2630435286225223 0.0 0.0 0.0 -0.7126365624730923 -0.7126365624730923
1667755414 4.295885979784571 -3.475939818193691 0.0 0.0 0.0 -0.7107153464083746 -0.7107153464083746
1667755416 4.294941960058515 -3.6798328134466285 0.0 0.0 0.0 -0.7132128740325655 -0.7132128740325655
1667755416 4.294941960058515 -3.6798328134466285 0.0 0.0 0.0 -0.7132128740325655 -0.7132128740325655
1667755417 4.282985360047709 -3.8900666424375103 0.0 0.0 0.0 -0.7095027632006017 -0.7095027632006017
1667755419 4.270289461176895 -4.094432016305607 0.0 0.0 0.0 -0.7087475501028533 -0.7087475501028533
1667755419 4.270289461176895 -4.094432016305607 0.0 0.0 0.0 -0.7087475501028533 -0.7087475501028533
1667755420 4.269655233999957 -4.300729972044627 0.0 0.0 0.0 -0.7098533940297055 -0.7098533940297055
1667755422 4.262898743469885 -4.507153082798383 0.0 0.0 0.0 -0.7126783966613364 -0.7126783966613364
1667755423 4.243210741912211 -4.719942645287724 0.0 0.0 0.0 -0.7137656933925325 -0.7137656933925325
1667755423 4.243210741912211 -4.719942645287724 0.0 0.0 0.0 -0.7137656933925325 -0.7137656933925325
1667755425 4.235592235142959 -4.9843157323250775 0.0 0.0 0.0 -0.7064993085804706 -0.7064993085804706
1667755425 4.235592235142959 -4.9843157323250775 0.0 0.0 0.0 -0.7064993085804706 -0.7064993085804706
1667755426 4.224376239856081 -5.189250371772914 0.0 0.0 0.0 -0.7077823339109701 -0.7077823339109701
1667755428 4.217826254074883 -5.394149128384768 0.0 0.0 0.0 -0.7093294127354383 -0.7093294127354383
1667755429 4.212155409445967 -5.59540181880895 0.0 0.0 0.0 -0.709299649996652 -0.709299649996652
1667755429 4.212155409445967 -5.59540181880895 0.0 0.0 0.0 -0.709299649996652 -0.709299649996652
1667755430 4.214860602525812 -5.8112544379995175 0.0 0.0 0.0 -0.7118329140525749 -0.7118329140525749
1667755432 4.202025733242583 -6.025075604772458 0.0 0.0 0.0 -0.713271928541479 -0.713271928541479
1667755432 4.202025733242583 -6.025075604772458 0.0 0.0 0.0 -0.713271928541479 -0.713271928541479
1667755433 4.186751063090308 -6.22615310231389 0.0 0.0 0.0 -0.7146625727446528 -0.7146625727446528
1667755434 4.183700236692176 -6.430125891868987 0.0 0.0 0.0 -0.7155034348061026 -0.7155034348061026
1667755436 4.181163312413494 -6.637034484758294 0.0 0.0 0.0 -0.7159519260358945 -0.7159519260358945
1667755436 4.181163312413494 -6.637034484758294 0.0 0.0 0.0 -0.7159519260358945 -0.7159519260358945
1667755437 4.1754426523660015 -6.847487617756466 0.0 0.0 0.0 -0.7147411779584464 -0.7147411779584464
1667755439 4.15540980605302 -7.054094107149403 0.0 0.0 0.0 -0.7139793636317967 -0.7139793636317967
1667755440 4.154081952883134 -7.240663834921593 0.0 0.0 0.0 -0.7206228246447549 -0.7206228246447549
1667755440 4.154081952883134 -7.240663834921593 0.0 0.0 0.0 -0.7206228246447549 -0.7206228246447549
1667755441 4.1403681355628805 -7.441523664498179 0.0 0.0 0.0 -0.7262717903104124 -0.7262717903104124
1667755443 4.11853496481354 -7.64417852847729 0.0 0.0 0.0 -0.7282486614653949 -0.7282486614653949
1667755443 4.11853496481354 -7.64417852847729 0.0 0.0 0.0 -0.7282486614653949 -0.7282486614653949
1667755445 4.08516755708257 -7.967996827580212 0.0 0.0 0.0 -0.7287053211419469 -0.7287053211419469
1667755445 4.08516755708257 -7.967996827580212 0.0 0.0 0.0 -0.7287053211419469 -0.7287053211419469
1667755446 4.076846368464405 -8.144465854502924 0.0 0.0 0.0 -0.7348727998143396 -0.7348727998143396
1667755448 4.045562992213704 -8.374757076372193 0.0 0.0 0.0 -0.7158869286988899 -0.7158869286988899
1667755448 4.045562992213704 -8.374757076372193 0.0 0.0 0.0 -0.7158869286988899 -0.7158869286988899
1667755449 4.036295945847849 -8.575322794469601 0.0 0.0 0.0 -0.7179299998244172 -0.7179299998244172
1667755451 4.013898497045735 -8.781809414924677 0.0 0.0 0.0 -0.715324569233231 -0.715324569233231
1667755451 4.013898497045735 -8.781809414924677 0.0 0.0 0.0 -0.715324569233231 -0.715324569233231
1667755452 4.007535818337384 -8.98366494408187 0.0 0.0 0.0 -0.7163249706883118 -0.7163249706883118
1667755453 3.9924935861819124 -9.184115057361224 0.0 0.0 0.0 -0.7172306519420609 -0.7172306519420609
1667755455 3.9867751102994453 -9.389170621856053 0.0 0.0 0.0 -0.7138204097069285 -0.7138204097069285
1667755455 3.9867751102994453 -9.389170621856053 0.0 0.0 0.0 -0.7138204097069285 -0.7138204097069285
1667755456 3.9822230151179103 -9.597185635857054 0.0 0.0 0.0 -0.7105062245926512 -0.7105062245926512
1667755458 3.97356028285537 -9.803073071005443 0.0 0.0 0.0 -0.7147756137505785 -0.7147756137505785
1667755458 3.969151600965623 -9.935365342017148 0.0 0.0 0.0 -0.7068262959434102 -0.7068262959434102
1667755460 3.9603433207051157 -10.139991766530148 0.0 0.0 0.0 -0.7054119097904125 -0.7054119097904125
1667755461 3.9371791866032697 -10.297657193764008 0.0 0.0 0.0 -0.7325700985386469 -0.7325700985386469
1667755462 3.9397149242619536 -10.298830884461248 0.0 0.0 0.0 -0.7951925763788369 -0.7951925763788369
1667755463 3.929727198009783 -10.314599524690728 0.0 0.0 0.0 -0.8544470895978509 -0.8544470895978509
1667755464 3.9276764477576793 -10.328564593376058 0.0 0.0 0.0 -0.9033133786228841 -0.9033133786228841
1667755465 3.912128399966681 -10.340414729680068 0.0 0.0 0.0 -0.937824763061815 -0.937824763061815
1667755466 3.894377606755306 -10.352409814743298 0.0 0.0 0.0 -0.97128175240393 -0.97128175240393
1667755467 3.8735838017047404 -10.364295553084638 0.0 0.0 0.0 -0.9910893716337129 -0.9910893716337129
1667755468 3.8473947962728428 -10.367649282785452 0.0 0.0 0.0 -0.9996671219658252 -0.9996671219658252
1667755469 3.7996598003486484 -10.368153774896907 0.0 0.0 0.0 -0.9987868184286237 -0.9987868184286237
1667755470 3.7762436487077977 -10.359753715549557 0.0 0.0 0.0 -0.9855729247626513 -0.9855729247626513
1667755471 3.772336855353779 -10.360047635642292 0.0 0.0 0.0 -0.9788411482495876 -0.9788411482495876
1667755472 3.766471002631669 -10.371518445535393 0.0 0.0 0.0 -0.984354952002047 -0.984354952002047
1667755473 3.7626607673797734 -10.363669349775567 0.0 0.0 0.0 -0.9878477184906604 -0.9878477184906604
1667755474 3.768155238392526 -10.366683566423035 0.0 0.0 0.0 -0.9930868712242708 -0.9930868712242708
1667755475 3.747707136792758 -10.36165396935976 0.0 0.0 0.0 -0.9961403826399707 -0.9961403826399707
1667755476 3.7382841241024516 -10.355400887235733 0.0 0.0 0.0 -0.9976932585085653 -0.9976932585085653
1667755477 3.6682850179110686 -10.350232002256826 0.0 0.0 0.0 -0.998285941303563 -0.998285941303563
1667755478 3.610086899753477 -10.34090007998781 0.0 0.0 0.0 -0.9996127721058844 -0.9996127721058844
1667755479 3.5741162637936332 -10.334191628314493 0.0 0.0 0.0 -0.9999872897962591 -0.9999872897962591
1667755479 3.5741162637936332 -10.334191628314493 0.0 0.0 0.0 -0.9999872897962591 -0.9999872897962591
1667755481 3.386920404445992 -10.315926278697143 0.0 0.0 0.0 -0.9999887866012536 -0.9999887866012536
1667755481 3.386920404445992 -10.315926278697143 0.0 0.0 0.0 -0.9999887866012536 -0.9999887866012536
1667755482 3.185437090804356 -10.31708687389687 0.0 0.0 0.0 -0.9998928754900378 -0.9998928754900378
1667755484 2.9721421521960054 -10.325477540637289 0.0 0.0 0.0 -0.9997993656228764 -0.9997993656228764
1667755485 2.8394109231167546 -10.325953930041555 0.0 0.0 0.0 -0.9995205496356317 -0.9995205496356317
1667755485 2.8394109231167546 -10.325953930041555 0.0 0.0 0.0 -0.9995205496356317 -0.9995205496356317
1667755486 2.6383908691236164 -10.33510087873751 0.0 0.0 0.0 -0.9992976483495308 -0.9992976483495308
1667755486 2.6383908691236164 -10.33510087873751 0.0 0.0 0.0 -0.9992976483495308 -0.9992976483495308
1667755488 2.432256593222682 -10.352469971308798 0.0 0.0 0.0 -0.9991048539053863 -0.9991048539053863
1667755490 2.2658478438584164 -10.353865140295243 0.0 0.0 0.0 -0.999307409163208 -0.999307409163208
1667755491 2.210963129412532 -10.353244208223645 0.0 0.0 0.0 -0.9958137810447419 -0.9958137810447419
1667755492 2.1062119437395626 -10.32615838969412 0.0 0.0 0.0 -0.9922339296246352 -0.9922339296246352
1667755493 2.054548817373785 -10.314251782414779 0.0 0.0 0.0 -0.994252700971807 -0.994252700971807
1667755493 2.051877155750016 -10.312937639738493 0.0 0.0 0.0 -0.9952592640797766 -0.9952592640797766
1667755493 2.051877155750016 -10.312937639738493 0.0 0.0 0.0 -0.9952592640797766 -0.9952592640797766
1667755493 2.051877155750016 -10.312937639738493 0.0 0.0 0.0 -0.9952592640797766 -0.9952592640797766
1667755496 1.9089782433562095 -10.270952342447604 0.0 0.0 0.0 -0.9970850967888978 -0.9970850967888978
1667755496 1.9089782433562095 -10.270952342447604 0.0 0.0 0.0 -0.9970850967888978 -0.9970850967888978
1667755499 1.7106795097065526 -10.225497403467129 0.0 0.0 0.0 -0.9976381789140554 -0.9976381789140554
1667755499 1.677591696722326 -10.23361745881572 0.0 0.0 0.0 -0.9989724847811345 -0.9989724847811345
1667755499 1.677591696722326 -10.23361745881572 0.0 0.0 0.0 -0.9989724847811345 -0.9989724847811345
1667755501 1.474513892416465 -10.207564654478416 0.0 0.0 0.0 -0.9993390501374663 -0.9993390501374663
1667755503 1.3468093401568457 -10.19805862742873 0.0 0.0 0.0 -0.9996512227209898 -0.9996512227209898
1667755504 1.3005094611929566 -10.1944853311308 0.0 0.0 0.0 -0.9999484386991467 -0.9999484386991467
1667755504 1.3005094611929566 -10.1944853311308 0.0 0.0 0.0 -0.9999484386991467 -0.9999484386991467
1667755505 1.1510939020279471 -10.19990295982981 0.0 0.0 0.0 -0.999801869362823 -0.999801869362823
1667755506 1.0130791710572684 -10.199134468653867 0.0 0.0 0.0 -0.9995856751395193 -0.9995856751395193
1667755508 0.8105603352434921 -10.206405831845572 0.0 0.0 0.0 -0.9993969924537628 -0.9993969924537628
1667755508 0.8105603352434921 -10.206405831845572 0.0 0.0 0.0 -0.9993969924537628 -0.9993969924537628
1667755509 0.6019973968477533 -10.219884199434217 0.0 0.0 0.0 -0.999900020320435 -0.999900020320435
1667755509 0.6019973968477533 -10.219884199434217 0.0 0.0 0.0 -0.999900020320435 -0.999900020320435
1667755512 0.3955881302223355 -10.21563659485091 0.0 0.0 0.0 -0.9999733913066933 -0.9999733913066933
1667755512 0.3955881302223355 -10.21563659485091 0.0 0.0 0.0 -0.9999733913066933 -0.9999733913066933
1667755513 0.1842604200229967 -10.205768781798016 0.0 0.0 0.0 -0.99994594890025 -0.99994594890025
1667755515 -0.022088752048687724 -10.211915534034674 0.0 0.0 0.0 -0.999987848498686 -0.999987848498686
1667755515 -0.022088752048687724 -10.211915534034674 0.0 0.0 0.0 -0.999987848498686 -0.999987848498686
1667755516 -0.23214290685235323 -10.211149171808266 0.0 0.0 0.0 -0.9999813522646531 -0.9999813522646531
1667755518 -0.4551450012296905 -10.216530810837659 0.0 0.0 0.0 -0.9992985078225527 -0.9992985078225527
1667755519 -0.47550812668074816 -10.188583245556721 0.0 0.0 0.0 -0.9876823261468411 -0.9876823261468411
1667755520 -0.4957496960151593 -10.176554838169015 0.0 0.0 0.0 -0.9635232327437689 -0.9635232327437689
1667755521 -0.5112806226647046 -10.165405193168558 0.0 0.0 0.0 -0.9321761343287969 -0.9321761343287969
1667755522 -0.5258116119900078 -10.163157160414455 0.0 0.0 0.0 -0.9021811992633654 -0.9021811992633654
1667755523 -0.522854319423566 -10.151123899328459 0.0 0.0 0.0 -0.8644102892566445 -0.8644102892566445
1667755524 -0.5390581347135022 -10.134992595669411 0.0 0.0 0.0 -0.8113246520821421 -0.8113246520821421
1667755525 -0.5479438970739817 -10.103890002676309 0.0 0.0 0.0 -0.7420038180069672 -0.7420038180069672
1667755526 -0.5426215543764996 -10.09167964220522 0.0 0.0 0.0 -0.6936160769646186 -0.6936160769646186
1667755527 -0.5337439350590166 -9.944514607593076 0.0 0.0 0.0 -0.6511836950089376 -0.6511836950089376
1667755528 -0.5235882660457417 -9.88578940066355 0.0 0.0 0.0 -0.6214796645272879 -0.6214796645272879
1667755529 -0.5126915798773544 -9.855733102737041 0.0 0.0 0.0 -0.6621112455142546 -0.6621112455142546
1667755529 -0.5164798942317793 -9.858264499568614 0.0 0.0 0.0 -0.6696732046108421 -0.6696732046108421
1667755531 -0.5039974898397669 -9.72786570620662 0.0 0.0 0.0 -0.6772966353779573 -0.6772966353779573
1667755532 -0.4941533635247872 -9.619926902872068 0.0 0.0 0.0 -0.684411052122705 -0.684411052122705
1667755533 -0.4907716535817214 -9.595280184443777 0.0 0.0 0.0 -0.697976623484624 -0.697976623484624
1667755534 -0.4777201904798142 -9.422867547876496 0.0 0.0 0.0 -0.7041427262546637 -0.7041427262546637
1667755534 -0.4777201904798142 -9.422867547876496 0.0 0.0 0.0 -0.7041427262546637 -0.7041427262546637
1667755536 -0.47738695731716385 -9.216224548287048 0.0 0.0 0.0 -0.706576899890034 -0.706576899890034
1667755537 -0.4746990065446753 -9.056925117560752 0.0 0.0 0.0 -0.7128040031564189 -0.7128040031564189
1667755537 -0.4746990065446753 -9.056925117560752 0.0 0.0 0.0 -0.7128040031564189 -0.7128040031564189
1667755538 -0.46554998046660295 -8.846046287624812 0.0 0.0 0.0 -0.7089513051033439 -0.7089513051033439
1667755538 -0.46554998046660295 -8.846046287624812 0.0 0.0 0.0 -0.7089513051033439 -0.7089513051033439
1667755540 -0.46578604843835897 -8.637474638355702 0.0 0.0 0.0 -0.7130028834938236 -0.7130028834938236
1667755542 -0.4635895779886902 -8.434740084514628 0.0 0.0 0.0 -0.7131369711719323 -0.7131369711719323
1667755542 -0.4635895779886902 -8.434740084514628 0.0 0.0 0.0 -0.7131369711719323 -0.7131369711719323
1667755543 -0.4750062511000463 -8.230847045038015 0.0 0.0 0.0 -0.7192984261133185 -0.7192984261133185
1667755545 -0.47704820388144553 -8.022301786141954 0.0 0.0 0.0 -0.7186588389635895 -0.7186588389635895
1667755545 -0.47704820388144553 -8.022301786141954 0.0 0.0 0.0 -0.7186588389635895 -0.7186588389635895
1667755546 -0.48234812680828515 -7.808536893429666 0.0 0.0 0.0 -0.7170769672080252 -0.7170769672080252
1667755548 -0.4849994927354696 -7.602951801842071 0.0 0.0 0.0 -0.7180671200164213 -0.7180671200164213
1667755548 -0.4849994927354696 -7.602951801842071 0.0 0.0 0.0 -0.7180671200164213 -0.7180671200164213
1667755550 -0.49035949558753167 -7.320780779369143 0.0 0.0 0.0 -0.7098373967121947 -0.7098373967121947
1667755550 -0.48235555249543205 -7.292765397182741 0.0 0.0 0.0 -0.6987982764075097 -0.6987982764075097
1667755552 -0.4780613204250725 -7.088529988417417 0.0 0.0 0.0 -0.6993494345599595 -0.6993494345599595
1667755552 -0.4780613204250725 -7.088529988417417 0.0 0.0 0.0 -0.6993494345599595 -0.6993494345599595
1667755553 -0.4635308321039827 -6.887399723171189 0.0 0.0 0.0 -0.6974563610728066 -0.6974563610728066
1667755555 -0.4499446287969966 -6.680635006319904 0.0 0.0 0.0 -0.6970319136669678 -0.6970319136669678
1667755555 -0.4499446287969966 -6.680635006319904 0.0 0.0 0.0 -0.6970319136669678 -0.6970319136669678
1667755556 -0.4412911903499268 -6.476402995823595 0.0 0.0 0.0 -0.7017219833104453 -0.7017219833104453
1667755557 -0.42672445928260383 -6.275058254787678 0.0 0.0 0.0 -0.6973657540007155 -0.6973657540007155
1667755559 -0.4193057424956741 -6.069317177913114 0.0 0.0 0.0 -0.6984060182498785 -0.6984060182498785
1667755559 -0.4193057424956741 -6.069317177913114 0.0 0.0 0.0 -0.6984060182498785 -0.6984060182498785
1667755560 -0.4078754904197018 -5.8506279682326205 0.0 0.0 0.0 -0.7026137474549463 -0.7026137474549463
1667755562 -0.4041898377718246 -5.669935578894484 0.0 0.0 0.0 -0.7127004808654259 -0.7127004808654259
1667755563 -0.392230053296899 -5.467512253577369 0.0 0.0 0.0 -0.7134561231709423 -0.7134561231709423
1667755563 -0.392230053296899 -5.467512253577369 0.0 0.0 0.0 -0.7134561231709423 -0.7134561231709423
1667755564 -0.40585254522864006 -5.262935914475764 0.0 0.0 0.0 -0.7149628382164538 -0.7149628382164538
1667755566 -0.40602290758532233 -5.061724678342436 0.0 0.0 0.0 -0.7146695285634185 -0.7146695285634185
1667755567 -0.40732113456460056 -4.922624185736905 0.0 0.0 0.0 -0.707787383474398 -0.707787383474398
1667755568 -0.4100450530956951 -4.754230492920011 0.0 0.0 0.0 -0.7003922087451019 -0.7003922087451019
1667755568 -0.4025667703191194 -4.706634731669743 0.0 0.0 0.0 -0.6774125658505545 -0.6774125658505545
1667755569 -0.39633871711677615 -4.638018509482495 0.0 0.0 0.0 -0.6691036164779279 -0.6691036164779279
1667755571 -0.3755740311078558 -4.423830920726787 0.0 0.0 0.0 -0.6686838681681097 -0.6686838681681097
1667755571 -0.3755740311078558 -4.423830920726787 0.0 0.0 0.0 -0.6686838681681097 -0.6686838681681097
1667755572 -0.3430922396761734 -4.221189314018634 0.0 0.0 0.0 -0.6673660749877226 -0.6673660749877226
1667755574 -0.3019731764636144 -4.01661785820774 0.0 0.0 0.0 -0.6621373922779137 -0.6621373922779137
1667755575 -0.2803951445592297 -3.811137900458553 0.0 0.0 0.0 -0.6615506488127024 -0.6615506488127024
1667755575 -0.2803951445592297 -3.811137900458553 0.0 0.0 0.0 -0.6615506488127024 -0.6615506488127024
1667755576 -0.2471641607342092 -3.6021929954204537 0.0 0.0 0.0 -0.6581491042044099 -0.6581491042044099
1667755578 -0.20172812150938324 -3.401126491614467 0.0 0.0 0.0 -0.6540444917170539 -0.6540444917170539
1667755578 -0.20172812150938324 -3.401126491614467 0.0 0.0 0.0 -0.6540444917170539 -0.6540444917170539
1667755579 -0.16453058990558397 -3.2026332855246693 0.0 0.0 0.0 -0.6554911792931024 -0.6554911792931024
1667755581 -0.14037702549521602 -3.0651872323717866 0.0 0.0 0.0 -0.693624710314311 -0.693624710314311
1667755581 -0.1493491321748119 -3.0080988851045447 0.0 0.0 0.0 -0.7014306430807704 -0.7014306430807704
1667755582 -0.1362709714621902 -2.807933198493404 0.0 0.0 0.0 -0.7020243864837097 -0.7020243864837097
1667755584 -0.13039566699719432 -2.6012505193178384 0.0 0.0 0.0 -0.7041360220738089 -0.7041360220738089
1667755584 -0.13039566699719432 -2.6012505193178384 0.0 0.0 0.0 -0.7041360220738089 -0.7041360220738089
1667755585 -0.13224794751572624 -2.395597552854595 0.0 0.0 0.0 -0.7054652241538526 -0.7054652241538526
1667755587 -0.12445246926201513 -2.189913922889445 0.0 0.0 0.0 -0.7069782043148031 -0.7069782043148031
1667755587 -0.12445246926201513 -2.189913922889445 0.0 0.0 0.0 -0.7069782043148031 -0.7069782043148031
1667755588 -0.11606517382399374 -1.9804987427474026 0.0 0.0 0.0 -0.70532947236947 -0.70532947236947
1667755590 -0.1280695077630595 -1.7790682589698044 0.0 0.0 0.0 -0.7099445434644758 -0.7099445434644758
1667755590 -0.10545752925767746 -1.692749773233443 0.0 0.0 0.0 -0.7037300686570679 -0.7037300686570679
1667755592 -0.12587708171068568 -1.442773956104555 0.0 0.0 0.0 -0.6911442329752433 -0.6911442329752433
1667755593 -0.09861744444198291 -1.3920415572631777 0.0 0.0 0.0 -0.6744160921378785 -0.6744160921378785
1667755593 -0.10569310108573253 -1.3466871880149798 0.0 0.0 0.0 -0.6669697002826772 -0.6669697002826772
1667755595 -0.06788837281891878 -1.1469007540190401 0.0 0.0 0.0 -0.667029943869761 -0.667029943869761
1667755596 -0.049261086975565194 -0.9919267710640196 0.0 0.0 0.0 -0.6738408032483085 -0.6738408032483085
1667755597 -0.05509311901933684 -0.9248501886212174 0.0 0.0 0.0 -0.7219354199273101 -0.7219354199273101
1667755597 -0.05509311901933684 -0.9248501886212174 0.0 0.0 0.0 -0.7219354199273101 -0.7219354199273101
1667755598 -0.049808847346011056 -0.7235152225790272 0.0 0.0 0.0 -0.7229453193428385 -0.7229453193428385
1667755598 -0.049808847346011056 -0.7235152225790272 0.0 0.0 0.0 -0.7229453193428385 -0.7229453193428385
1667755600 -0.03443388636724966 -0.5111472950327218 0.0 0.0 0.0 -0.7226950120397898 -0.7226950120397898
1667755602 -0.04573664148094162 -0.29969670638387086 0.0 0.0 0.0 -0.7203005879508697 -0.7203005879508697
1667755602 -0.04573664148094162 -0.29969670638387086 0.0 0.0 0.0 -0.7203005879508697 -0.7203005879508697
1667755604 -0.047046902603862344 -0.047450770025210455 0.0 0.0 0.0 -0.650336214173313 -0.650336214173313
1667755605 -0.03746044118559542 -0.0046791108765044595 0.0 0.0 0.0 -0.5599709003252906 -0.5599709003252906
1667755606 -0.03035861977129912 -0.005420184892583298 0.0 0.0 0.0 -0.4718631030510935 -0.4718631030510935
1667755607 0.0042401423355573455 0.01670677583211617 0.0 0.0 0.0 -0.37677498852068986 -0.37677498852068986
1667755608 0.03207446356302454 0.0434706720021899 0.0 0.0 0.0 -0.2771692980517619 -0.2771692980517619
1667755609 0.03791119810808691 0.037213843384285024 0.0 0.0 0.0 -0.17577491558049715 -0.17577491558049715
1667755610 0.04772262276458468 0.0373223987059057 0.0 0.0 0.0 -0.06923941741286573 -0.06923941741286573
1667755611 0.059805190293034216 0.027224955991672697 0.0 0.0 0.0 0.0046820140851799065 0.0046820140851799065
1667755612 0.16373914107545756 0.023323402499379708 0.0 0.0 0.0 0.04006325890851403 0.04006325890851403
1667755613 0.2547110852442216 0.009720551841839583 0.0 0.0 0.0 0.06933119623351751 0.06933119623351751
1667755614 0.3507897698105587 0.003951673861533693 0.0 0.0 0.0 0.09152954026354174 0.09152954026354174
1667755614 0.416792280646013 -0.028350883296755735 0.0 0.0 0.0 0.102528470253196 0.102528470253196
1667755616 0.5799428200506028 -0.07424355711382512 0.0 0.0 0.0 0.10511099872719333 0.10511099872719333
1667755617 0.5872467492018917 -0.07738732420378491 0.0 0.0 0.0 0.08120754684065115 0.08120754684065115
1667755617 0.5872467492018917 -0.07738732420378491 0.0 0.0 0.0 0.08120754684065115 0.08120754684065115
1667755619 0.73096969144476 -0.09579702981485254 0.0 0.0 0.0 0.03309450233805678 0.03309450233805678
1667755620 0.7565492872660017 -0.09491049370083715 0.0 0.0 0.0 -0.0077467958158648886 -0.0077467958158648886
1667755621 0.8876809691611948 -0.09361184956349308 0.0 0.0 0.0 -0.02861527623583858 -0.02861527623583858
1667755621 0.8876809691611948 -0.09361184956349308 0.0 0.0 0.0 -0.02861527623583858 -0.02861527623583858
1667755623 1.0719300239429959 -0.0799910149258992 0.0 0.0 0.0 -0.04165203951713376 -0.04165203951713376
1667755624 1.2328051655428283 -0.06963166449441782 0.0 0.0 0.0 -0.05227557793853363 -0.05227557793853363
1667755625 1.352623218901813 -0.05771014994595914 0.0 0.0 0.0 -0.06198076575296175 -0.06198076575296175
1667755625 1.352623218901813 -0.05771014994595914 0.0 0.0 0.0 -0.06198076575296175 -0.06198076575296175
1667755627 1.5309784069234569 -0.04383031926003797 0.0 0.0 0.0 -0.04971723598540756 -0.04971723598540756
1667755628 1.5565469194711916 -0.04640855394732403 0.0 0.0 0.0 0.0536982659034023 0.0536982659034023
1667755629 1.628075327126855 -0.056781353330203684 0.0 0.0 0.0 0.06611241976567632 0.06611241976567632
1667755630 1.7170367186900677 -0.07624025324776439 0.0 0.0 0.0 0.08234164026950785 0.08234164026950785
1667755631 1.8810120218375455 -0.11926690838568228 0.0 0.0 0.0 0.10367434405943884 0.10367434405943884
1667755632 1.944386526624201 -0.12338102609613384 0.0 0.0 0.0 0.07811728850774807 0.07811728850774807
1667755633 1.9611384482493248 -0.13053613658490854 0.0 0.0 0.0 0.04950476161132145 0.04950476161132145
1667755634 2.023180444302488 -0.13431540942765116 0.0 0.0 0.0 0.030944154515536112 0.030944154515536112
1667755634 2.023180444302488 -0.13431540942765116 0.0 0.0 0.0 0.030944154515536112 0.030944154515536112
1667755636 2.222775636238857 -0.14917532748444157 0.0 0.0 0.0 0.030503661465765414 0.030503661465765414
1667755637 2.3428573029424657 -0.1575402606844396 0.0 0.0 0.0 0.009305315963550028 0.009305315963550028
1667755637 2.4215726553716284 -0.16318523974276936 0.0 0.0 0.0 -3.627470065151357e-05 -3.627470065151357e-05
1667755639 2.6355304880577384 -0.17070019097852268 0.0 0.0 0.0 -0.004788680722200348 -0.004788680722200348
1667755639 2.6355304880577384 -0.17070019097852268 0.0 0.0 0.0 -0.004788680722200348 -0.004788680722200348
1667755640 2.80688080481605 -0.16600803171135742 0.0 0.0 0.0 -0.01541285441628119 -0.01541285441628119
1667755642 3.0071206967969877 -0.16342186250609997 0.0 0.0 0.0 -0.015594168933123988 -0.015594168933123988
1667755643 3.1819432158260295 -0.161359876348722 0.0 0.0 0.0 -0.02569012180532758 -0.02569012180532758
1667755643 3.1819432158260295 -0.161359876348722 0.0 0.0 0.0 -0.02569012180532758 -0.02569012180532758
1667755644 3.3954143786794906 -0.1542717688710372 0.0 0.0 0.0 -0.031698484947492944 -0.031698484947492944
1667755645 3.509751956224215 -0.15218032866284498 0.0 0.0 0.0 0.0025673417599982908 0.0025673417599982908
1667755645 3.509751956224215 -0.15218032866284498 0.0 0.0 0.0 0.0025673417599982908 0.0025673417599982908
1667755647 3.712613980580611 -0.16005842001810516 0.0 0.0 0.0 0.009820191586279937 0.009820191586279937
1667755649 3.925822771699662 -0.16471652390509747 0.0 0.0 0.0 0.006915856946857828 0.006915856946857828
1667755649 3.925822771699662 -0.16471652390509747 0.0 0.0 0.0 0.006915856946857828 0.006915856946857828
1667755650 4.126042831274472 -0.16860663917015395 0.0 0.0 0.0 0.006648725130713688 0.006648725130713688
1667755652 4.331496933196713 -0.18099064519706723 0.0 0.0 0.0 0.00607786278071939 0.00607786278071939
1667755653 4.363924071483364 -0.18423705152119949 0.0 0.0 0.0 0.07591028861030513 0.07591028861030513
1667755654 4.391511919989827 -0.19417069818980118 0.0 0.0 0.0 0.12401668082639614 0.12401668082639614
1667755655 4.4737466887531285 -0.22532553468456984 0.0 0.0 0.0 0.23464922579163086 0.23464922579163086
1667755656 4.491064303796642 -0.2433555448965177 0.0 0.0 0.0 0.3343021162606549 0.3343021162606549
1667755657 4.507246297864463 -0.2601977339393431 0.0 0.0 0.0 0.42148315523726637 0.42148315523726637
1667755658 4.517756266442472 -0.29033742069736374 0.0 0.0 0.0 0.5182011886578928 0.5182011886578928
1667755659 4.523407961868901 -0.2994531906432977 0.0 0.0 0.0 0.6010598865883169 0.6010598865883169
1667755660 4.523027697660876 -0.3132950972599465 0.0 0.0 0.0 0.6828031317864628 0.6828031317864628
1667755661 4.521809539762453 -0.389255271570063 0.0 0.0 0.0 0.7267838035987388 0.7267838035987388
1667755662 4.510127576328601 -0.45772022302640486 0.0 0.0 0.0 0.7888058021912029 0.7888058021912029
1667755663 4.502510531245441 -0.4746156178351952 0.0 0.0 0.0 0.7633480868399786 0.7633480868399786
1667755663 4.502510531245441 -0.4746156178351952 0.0 0.0 0.0 0.7633480868399786 0.7633480868399786
1667755664 4.491774008814596 -0.546674554617777 0.0 0.0 0.0 0.7561845766430685 0.7561845766430685
1667755666 4.478967022791893 -0.6229293935106313 0.0 0.0 0.0 0.7266947511152654 0.7266947511152654
1667755666 4.479316792487467 -0.6702784265623051 0.0 0.0 0.0 0.7205015998428873 0.7205015998428873
1667755666 4.479316792487467 -0.6702784265623051 0.0 0.0 0.0 0.7205015998428873 0.7205015998428873
1667755668 4.47355692945329 -0.8792584596252115 0.0 0.0 0.0 0.7177291298921962 0.7177291298921962
1667755670 4.458368654456268 -1.077330075301962 0.0 0.0 0.0 0.7106119921350984 0.7106119921350984
1667755670 4.458368654456268 -1.077330075301962 0.0 0.0 0.0 0.7106119921350984 0.7106119921350984
1667755671 4.454740466765562 -1.2802844527378445 0.0 0.0 0.0 0.7103366885885052 0.7103366885885052
1667755671 4.454740466765562 -1.2802844527378445 0.0 0.0 0.0 0.7103366885885052 0.7103366885885052
1667755673 4.445057382769121 -1.481972388625466 0.0 0.0 0.0 0.7094802920041532 0.7094802920041532
1667755675 4.437088564401794 -1.7095851698509255 0.0 0.0 0.0 0.7065770936528013 0.7065770936528013
1667755675 4.437088564401794 -1.7095851698509255 0.0 0.0 0.0 0.7065770936528013 0.7065770936528013
1667755676 4.4322498092680185 -1.9111618665827779 0.0 0.0 0.0 0.7047609692450931 0.7047609692450931
1667755678 4.436169193652037 -2.118120835929685 0.0 0.0 0.0 0.7015598582339176 0.7015598582339176
1667755678 4.436169193652037 -2.118120835929685 0.0 0.0 0.0 0.7015598582339176 0.7015598582339176
1667755679 4.427462545671088 -2.321736202516448 0.0 0.0 0.0 0.7065298771414034 0.7065298771414034
1667755681 4.413972481000075 -2.519987855331238 0.0 0.0 0.0 0.7411103648055278 0.7411103648055278
1667755681 4.408510191986514 -2.561171015036663 0.0 0.0 0.0 0.7488184157498599 0.7488184157498599
1667755683 4.3796477223715975 -2.7655709606382217 0.0 0.0 0.0 0.7492845435874663 0.7492845435874663
1667755683 4.3796477223715975 -2.7655709606382217 0.0 0.0 0.0 0.7492845435874663 0.7492845435874663
1667755684 4.347255352370442 -2.976052653396516 0.0 0.0 0.0 0.7470110679828463 0.7470110679828463
1667755686 4.328055704468171 -3.1216115778164752 0.0 0.0 0.0 0.7397496773815229 0.7397496773815229
1667755687 4.3234455673257655 -3.232977670178984 0.0 0.0 0.0 0.7169522765301997 0.7169522765301997
1667755687 4.313868230124309 -3.2673373027212085 0.0 0.0 0.0 0.7103204235488206 0.7103204235488206
1667755689 4.302941872295587 -3.468103601290081 0.0 0.0 0.0 0.707305447271153 0.707305447271153
1667755689 4.302941872295587 -3.468103601290081 0.0 0.0 0.0 0.707305447271153 0.707305447271153
1667755690 4.292951997437562 -3.6740377124942194 0.0 0.0 0.0 0.7065651083906135 0.7065651083906135
1667755692 4.293162384571476 -3.8847402008618066 0.0 0.0 0.0 0.7044897709592427 0.7044897709592427
1667755692 4.293162384571476 -3.8847402008618066 0.0 0.0 0.0 0.7044897709592427 0.7044897709592427
1667755693 4.280380427224806 -4.088517468056188 0.0 0.0 0.0 0.70174650339187 0.70174650339187
1667755695 4.279268620734092 -4.29970784795956 0.0 0.0 0.0 0.6992889983068342 0.6992889983068342
1667755695 4.279268620734092 -4.29970784795956 0.0 0.0 0.0 0.6992889983068342 0.6992889983068342
1667755697 4.271606410080753 -4.605986809523956 0.0 0.0 0.0 0.7203151649840058 0.7203151649840058
1667755698 4.263307679136962 -4.650100344463465 0.0 0.0 0.0 0.7434442288246599 0.7434442288246599
1667755698 4.263307679136962 -4.650100344463465 0.0 0.0 0.0 0.7434442288246599 0.7434442288246599
1667755699 4.240121025199449 -4.85628623787559 0.0 0.0 0.0 0.7436299850455872 0.7436299850455872
1667755701 4.208648071120144 -5.0750622584243335 0.0 0.0 0.0 0.7290720814655474 0.7290720814655474
1667755701 4.2014959412405455 -5.149266406364817 0.0 0.0 0.0 0.7209739302363858 0.7209739302363858
1667755703 4.191256676717208 -5.361323391283817 0.0 0.0 0.0 0.7208294521017232 0.7208294521017232
1667755703 4.191256676717208 -5.361323391283817 0.0 0.0 0.0 0.7208294521017232 0.7208294521017232
1667755704 4.184225569890637 -5.564012723693196 0.0 0.0 0.0 0.7244981131462103 0.7244981131462103
1667755705 4.181323084254104 -5.681635478639258 0.0 0.0 0.0 0.7175883727173857 0.7175883727173857
1667755707 4.170265827351022 -5.888577334190334 0.0 0.0 0.0 0.718795442226635 0.718795442226635
1667755707 4.170265827351022 -5.888577334190334 0.0 0.0 0.0 0.718795442226635 0.718795442226635
1667755708 4.153711678615271 -6.1055988178460385 0.0 0.0 0.0 0.7180991555965195 0.7180991555965195
1667755710 4.148722523424289 -6.3155596082926095 0.0 0.0 0.0 0.7141535674896551 0.7141535674896551
1667755710 4.148722523424289 -6.3155596082926095 0.0 0.0 0.0 0.7141535674896551 0.7141535674896551
1667755711 4.132437689672395 -6.527555801277443 0.0 0.0 0.0 0.7150739391498554 0.7150739391498554
1667755713 4.127187259893866 -6.7342363181295095 0.0 0.0 0.0 0.7125157489231821 0.7125157489231821
1667755714 4.116102546566413 -6.93817097542547 0.0 0.0 0.0 0.7147854113041086 0.7147854113041086
1667755714 4.116102546566413 -6.93817097542547 0.0 0.0 0.0 0.7147854113041086 0.7147854113041086
1667755715 4.106082661864593 -7.14478608497938 0.0 0.0 0.0 0.7160447938164883 0.7160447938164883
1667755717 4.105927291562158 -7.350272224953725 0.0 0.0 0.0 0.7178189011326687 0.7178189011326687
1667755717 4.105927291562158 -7.350272224953725 0.0 0.0 0.0 0.7178189011326687 0.7178189011326687
1667755718 4.090327698307358 -7.566282838243441 0.0 0.0 0.0 0.7122103555438393 0.7122103555438393
1667755720 4.08119690563494 -7.768436178098971 0.0 0.0 0.0 0.7130316982629913 0.7130316982629913
1667755720 4.08119690563494 -7.768436178098971 0.0 0.0 0.0 0.7130316982629913 0.7130316982629913
1667755721 4.075563636162376 -7.972890334102612 0.0 0.0 0.0 0.7083863610301079 0.7083863610301079
1667755723 4.071275043840477 -8.181323515227467 0.0 0.0 0.0 0.7069636938388543 0.7069636938388543
1667755724 4.066813711178157 -8.390508347840536 0.0 0.0 0.0 0.7081271034186458 0.7081271034186458
1667755724 4.066813711178157 -8.390508347840536 0.0 0.0 0.0 0.7081271034186458 0.7081271034186458
1667755725 4.070901530985763 -8.592204949025687 0.0 0.0 0.0 0.7083267934042173 0.7083267934042173
1667755727 4.058038858485936 -8.801927580902454 0.0 0.0 0.0 0.7101754175222209 0.7101754175222209
1667755727 4.058038858485936 -8.801927580902454 0.0 0.0 0.0 0.7101754175222209 0.7101754175222209
1667755728 4.0393262798873435 -9.039450038185315 0.0 0.0 0.0 0.7267978019301333 0.7267978019301333
1667755730 4.02183251706811 -9.2419688828697 0.0 0.0 0.0 0.7290440783338108 0.7290440783338108
1667755730 4.02183251706811 -9.2419688828697 0.0 0.0 0.0 0.7290440783338108 0.7290440783338108
1667755731 4.002921238636308 -9.44569517916562 0.0 0.0 0.0 0.7273131680438802 0.7273131680438802
1667755733 3.9881289655904477 -9.645916180593344 0.0 0.0 0.0 0.729952478626919 0.729952478626919
1667755734 3.972502405350461 -9.85736628142987 0.0 0.0 0.0 0.7309128771854105 0.7309128771854105
1667755734 3.972502405350461 -9.85736628142987 0.0 0.0 0.0 0.7309128771854105 0.7309128771854105
1667755735 3.9488410436878927 -10.06203366305202 0.0 0.0 0.0 0.7324194048645534 0.7324194048645534
1667755737 3.9143417300411256 -10.272887303094501 0.0 0.0 0.0 0.7326385465522839 0.7326385465522839
1667755738 3.890862405979828 -10.410193336493053 0.0 0.0 0.0 0.7692890022114522 0.7692890022114522
1667755739 3.89733746031519 -10.427262656558986 0.0 0.0 0.0 0.8401615307830432 0.8401615307830432
1667755740 3.8834204902716607 -10.446735768564428 0.0 0.0 0.0 0.9004288313593558 0.9004288313593558
1667755741 3.8652584155109215 -10.463952217206412 0.0 0.0 0.0 0.9389315496477786 0.9389315496477786
1667755742 3.8539756759760797 -10.471165378477904 0.0 0.0 0.0 0.9682947064139743 0.9682947064139743
1667755743 3.840905766045299 -10.480419537897445 0.0 0.0 0.0 0.9867698146208902 0.9867698146208902
1667755744 3.824707045481432 -10.475770922386976 0.0 0.0 0.0 0.9962446558199765 0.9962446558199765
1667755745 3.7715284254140826 -10.481659770713891 0.0 0.0 0.0 0.999907075777408 0.999907075777408
1667755746 3.66255825270865 -10.483898002857797 0.0 0.0 0.0 0.998896195631466 0.998896195631466
1667755747 3.5421691977847165 -10.454734752323112 0.0 0.0 0.0 0.9954321969456741 0.9954321969456741
1667755748 3.415011188194202 -10.425384113581178 0.0 0.0 0.0 0.9917170085865123 0.9917170085865123
1667755749 3.3157389727415496 -10.391954486074155 0.0 0.0 0.0 0.9887300527657619 0.9887300527657619
1667755750 3.278808653878878 -10.385366305673571 0.0 0.0 0.0 0.9953621928289471 0.9953621928289471
1667755750 3.277944815733435 -10.381923763952669 0.0 0.0 0.0 0.9962325926000211 0.9962325926000211
1667755752 3.133929764996765 -10.33795245587606 0.0 0.0 0.0 0.9977208083519855 0.9977208083519855
1667755753 3.106085604106303 -10.33292995779497 0.0 0.0 0.0 0.9999227485750477 0.9999227485750477
1667755754 3.056542223828785 -10.34421618994935 0.0 0.0 0.0 0.9978733530657335 0.9978733530657335
1667755754 3.056542223828785 -10.34421618994935 0.0 0.0 0.0 0.9978733530657335 0.9978733530657335
1667755756 2.837982688659183 -10.366901217150373 0.0 0.0 0.0 0.9964675150880625 0.9964675150880625
1667755757 2.772225078972461 -10.38120202868743 0.0 0.0 0.0 0.9994338468611413 0.9994338468611413
1667755757 2.772225078972461 -10.38120202868743 0.0 0.0 0.0 0.9994338468611413 0.9994338468611413
1667755759 2.5659657157857967 -10.388666637564402 0.0 0.0 0.0 0.9993865319479619 0.9993865319479619
1667755760 2.46901720806579 -10.393263145546634 0.0 0.0 0.0 0.9999998737423329 0.9999998737423329
1667755760 2.46901720806579 -10.393263145546634 0.0 0.0 0.0 0.9999998737423329 0.9999998737423329
1667755761 2.380329133555948 -10.390501864444799 0.0 0.0 0.0 0.9999417223832282 0.9999417223832282
1667755763 2.1734646264011417 -10.383530919099078 0.0 0.0 0.0 0.9998611406860591 0.9998611406860591
1667755764 2.088716013682628 -10.380722039661318 0.0 0.0 0.0 0.9989260903616476 0.9989260903616476
1667755764 2.088716013682628 -10.380722039661318 0.0 0.0 0.0 0.9989260903616476 0.9989260903616476
1667755766 1.8507911758993008 -10.343425678509368 0.0 0.0 0.0 0.9990506602218459 0.9990506602218459
1667755767 1.712956324245699 -10.328011629515236 0.0 0.0 0.0 0.9989331111830999 0.9989331111830999
1667755767 1.712956324245699 -10.328011629515236 0.0 0.0 0.0 0.9989331111830999 0.9989331111830999
1667755768 1.5022430162908431 -10.302165445876664 0.0 0.0 0.0 0.9985070625190041 0.9985070625190041
1667755770 1.2978083902525983 -10.274508559456645 0.0 0.0 0.0 0.9980744467829427 0.9980744467829427
1667755770 1.2978083902525983 -10.274508559456645 0.0 0.0 0.0 0.9980744467829427 0.9980744467829427
1667755771 1.0969120719421557 -10.234033067670715 0.0 0.0 0.0 0.9979775627867317 0.9979775627867317
1667755773 0.894827422843747 -10.204316985705253 0.0 0.0 0.0 0.99787168869524 0.99787168869524
1667755773 0.894827422843747 -10.204316985705253 0.0 0.0 0.0 0.99787168869524 0.99787168869524
1667755775 0.6866811640166356 -10.180410357672496 0.0 0.0 0.0 0.999121781523567 0.999121781523567
1667755776 0.6525636883408489 -10.199021951257304 0.0 0.0 0.0 0.9891955424986166 0.9891955424986166
1667755777 0.6095452788888174 -10.208023856282994 0.0 0.0 0.0 0.9740607156447723 0.9740607156447723
1667755778 0.5850019671039336 -10.20844936875278 0.0 0.0 0.0 0.9794201407978078 0.9794201407978078
1667755779 0.584876367172272 -10.213403936396515 0.0 0.0 0.0 0.9817644946284066 0.9817644946284066
1667755779 0.584876367172272 -10.213403936396515 0.0 0.0 0.0 0.9817644946284066 0.9817644946284066
1667755781 0.5356118327880612 -10.227309391544315 0.0 0.0 0.0 0.9855076755410878 0.9855076755410878
1667755781 0.5356118327880612 -10.227309391544315 0.0 0.0 0.0 0.9855076755410878 0.9855076755410878
1667755781 0.5356118327880612 -10.227309391544315 0.0 0.0 0.0 0.9855076755410878 0.9855076755410878
1667755781 0.5356118327880612 -10.227309391544315 0.0 0.0 0.0 0.9855076755410878 0.9855076755410878
1667755781 0.5356118327880612 -10.227309391544315 0.0 0.0 0.0 0.9855076755410878 0.9855076755410878
1667755785 0.5366937472312588 -10.224479469533131 0.0 0.0 0.0 0.9871520880605661 0.9871520880605661
1667755787 0.46468868785460976 -10.251449799279458 0.0 0.0 0.0 0.9870538942719544 0.9870538942719544
1667755788 0.43060372221214255 -10.257287429901972 0.0 0.0 0.0 0.9958007173468625 0.9958007173468625
1667755788 0.4293309006136428 -10.24785888722056 0.0 0.0 0.0 0.9977549616117276 0.9977549616117276
1667755790 0.3171190109870009 -10.260565447098871 0.0 0.0 0.0 0.9990357526661712 0.9990357526661712
1667755791 0.19806422326857984 -10.267250128883473 0.0 0.0 0.0 0.9997979296377274 0.9997979296377274
1667755792 0.14570013728949768 -10.257098447228884 0.0 0.0 0.0 0.9957360765368067 0.9957360765368067
1667755793 0.12065618360291076 -10.245432690367794 0.0 0.0 0.0 0.9920708707172893 0.9920708707172893
1667755794 -0.02040789790581333 -10.198486341859653 0.0 0.0 0.0 0.9878207359111885 0.9878207359111885
1667755795 -0.11412212106552697 -10.168372879453072 0.0 0.0 0.0 0.9840233340932785 0.9840233340932785
1667755796 -0.2507748282572571 -10.116874972457502 0.0 0.0 0.0 0.9793057477100398 0.9793057477100398
1667755797 -0.33708027587852135 -10.06401379158098 0.0 0.0 0.0 0.977091391624254 0.977091391624254
1667755798 -0.44278423901965847 -10.008012148865634 0.0 0.0 0.0 0.9716214319315412 0.9716214319315412
1667755799 -0.5213739138169883 -9.935114325415784 0.0 0.0 0.0 0.9372428412720412 0.9372428412720412
1667755800 -0.5457758898026812 -9.909332339050213 0.0 0.0 0.0 0.8798637398234848 0.8798637398234848
1667755801 -0.5573346163435565 -9.882938805861533 0.0 0.0 0.0 0.8065537639999653 0.8065537639999653
1667755802 -0.5631061473524176 -9.859249992272774 0.0 0.0 0.0 0.7144580921959465 0.7144580921959465
1667755803 -0.5694656067469318 -9.847500146902195 0.0 0.0 0.0 0.6589462708285977 0.6589462708285977
1667755804 -0.5391770647598041 -9.706451238406457 0.0 0.0 0.0 0.6006656796556266 0.6006656796556266
1667755805 -0.5118609502277307 -9.66021386460118 0.0 0.0 0.0 0.5624817169097446 0.5624817169097446
1667755806 -0.5095968721956191 -9.652205070632217 0.0 0.0 0.0 0.5867761571886859 0.5867761571886859
1667755807 -0.5113365732110056 -9.63982663003174 0.0 0.0 0.0 0.623829551867901 0.623829551867901
1667755808 -0.5046898667084037 -9.610642362143402 0.0 0.0 0.0 0.6478069976254358 0.6478069976254358
1667755808 -0.5046898667084037 -9.610642362143402 0.0 0.0 0.0 0.6478069976254358 0.6478069976254358
1667755808 -0.5046898667084037 -9.610642362143402 0.0 0.0 0.0 0.6478069976254358 0.6478069976254358
1667755811 -0.4777891195111782 -9.493639443189537 0.0 0.0 0.0 0.6544082806257752 0.6544082806257752
1667755812 -0.47363037313601625 -9.473747236997761 0.0 0.0 0.0 0.7075610380166634 0.7075610380166634
1667755812 -0.47363037313601625 -9.473747236997761 0.0 0.0 0.0 0.7075610380166634 0.7075610380166634
1667755813 -0.46818336078518347 -9.310132098715568 0.0 0.0 0.0 0.714763313667222 0.714763313667222
1667755814 -0.46546514753766044 -9.174091961998775 0.0 0.0 0.0 0.721647476711008 0.721647476711008
1667755816 -0.4795261465785975 -9.047593773665113 0.0 0.0 0.0 0.7300287929470506 0.7300287929470506
1667755816 -0.4795261465785975 -9.047593773665113 0.0 0.0 0.0 0.7300287929470506 0.7300287929470506
1667755818 -0.47316487199816604 -8.802470434752324 0.0 0.0 0.0 0.7294965459839223 0.7294965459839223
1667755818 -0.47316487199816604 -8.802470434752324 0.0 0.0 0.0 0.7294965459839223 0.7294965459839223
1667755820 -0.4919460725693418 -8.596493531907834 0.0 0.0 0.0 0.7318370803912618 0.7318370803912618
1667755821 -0.5036183513274577 -8.480678819086185 0.0 0.0 0.0 0.7019987780450215 0.7019987780450215
1667755821 -0.5032198716772054 -8.477593944008326 0.0 0.0 0.0 0.6954648340184609 0.6954648340184609
1667755823 -0.47317367357246937 -8.240214636424916 0.0 0.0 0.0 0.698348536428174 0.698348536428174
1667755824 -0.47428832630225454 -8.157400737155644 0.0 0.0 0.0 0.691933853657054 0.691933853657054
1667755824 -0.4931944066241026 -8.035417534108278 0.0 0.0 0.0 0.6924019567243547 0.6924019567243547
1667755825 -0.46192756342750857 -7.897709371631701 0.0 0.0 0.0 0.6988503416538445 0.6988503416538445
1667755825 -0.46192756342750857 -7.897709371631701 0.0 0.0 0.0 0.6988503416538445 0.6988503416538445
1667755827 -0.46311355111295854 -7.691218340876097 0.0 0.0 0.0 0.696827951556049 0.696827951556049
1667755829 -0.457422268036174 -7.474379304763694 0.0 0.0 0.0 0.6975205833121184 0.6975205833121184
1667755830 -0.45182990299669035 -7.272003419042929 0.0 0.0 0.0 0.6976383770044572 0.6976383770044572
1667755830 -0.45182990299669035 -7.272003419042929 0.0 0.0 0.0 0.6976383770044572 0.6976383770044572
1667755831 -0.43362283154824255 -7.0282862219846685 0.0 0.0 0.0 0.697158467487536 0.697158467487536
1667755833 -0.426210506766528 -6.8256776662220995 0.0 0.0 0.0 0.7008507081970459 0.7008507081970459
1667755833 -0.426210506766528 -6.8256776662220995 0.0 0.0 0.0 0.7008507081970459 0.7008507081970459
1667755835 -0.4072029034842805 -6.575194773637025 0.0 0.0 0.0 0.692262783637592 0.692262783637592
1667755836 -0.39439943749076034 -6.4621896178036495 0.0 0.0 0.0 0.6855363478024706 0.6855363478024706
1667755836 -0.39439943749076034 -6.4621896178036495 0.0 0.0 0.0 0.6855363478024706 0.6855363478024706
1667755837 -0.3717704883326246 -6.257672723863441 0.0 0.0 0.0 0.6883166887688976 0.6883166887688976
1667755838 -0.3655951741060859 -6.045675714471627 0.0 0.0 0.0 0.6875670005203698 0.6875670005203698
1667755840 -0.341281971610386 -5.845857819407981 0.0 0.0 0.0 0.6853220403950239 0.6853220403950239
1667755840 -0.341281971610386 -5.845857819407981 0.0 0.0 0.0 0.6853220403950239 0.6853220403950239
1667755841 -0.3269752786366827 -5.633812822491969 0.0 0.0 0.0 0.6833898552474204 0.6833898552474204
1667755843 -0.3136096432944006 -5.433835919906464 0.0 0.0 0.0 0.6842179841323385 0.6842179841323385
1667755843 -0.3136096432944006 -5.433835919906464 0.0 0.0 0.0 0.6842179841323385 0.6842179841323385
1667755844 -0.2945812911981014 -5.225358317100937 0.0 0.0 0.0 0.6827410916403425 0.6827410916403425
1667755846 -0.27388580944726737 -5.012024803623798 0.0 0.0 0.0 0.6799401103377289 0.6799401103377289
1667755846 -0.27388580944726737 -5.012024803623798 0.0 0.0 0.0 0.6799401103377289 0.6799401103377289
1667755848 -0.2543433524385915 -4.698255804341285 0.0 0.0 0.0 0.7031583070669267 0.7031583070669267
1667755849 -0.2536610984331043 -4.6624272759738865 0.0 0.0 0.0 0.7849140213013892 0.7849140213013892
1667755850 -0.25986155869107813 -4.592485296889791 0.0 0.0 0.0 0.8400187551858934 0.8400187551858934
1667755851 -0.2947810787407789 -4.558867522020998 0.0 0.0 0.0 0.823484985510557 0.823484985510557
1667755852 -0.2924166688890913 -4.54777551234798 0.0 0.0 0.0 0.8091520360991444 0.8091520360991444
1667755852 -0.2924166688890913 -4.54777551234798 0.0 0.0 0.0 0.8091520360991444 0.8091520360991444
1667755852 -0.2924166688890913 -4.54777551234798 0.0 0.0 0.0 0.8091520360991444 0.8091520360991444
1667755855 -0.29660311421246527 -4.484670588359358 0.0 0.0 0.0 0.803316027671197 0.803316027671197
1667755855 -0.29660311421246527 -4.484670588359358 0.0 0.0 0.0 0.803316027671197 0.803316027671197
1667755855 -0.29660311421246527 -4.484670588359358 0.0 0.0 0.0 0.803316027671197 0.803316027671197
1667755855 -0.29660311421246527 -4.484670588359358 0.0 0.0 0.0 0.803316027671197 0.803316027671197
1667755859 -0.33496074974006645 -4.357294603492864 0.0 0.0 0.0 0.7719184629765523 0.7719184629765523
1667755860 -0.3287631005357042 -4.343448039698721 0.0 0.0 0.0 0.7452468356899764 0.7452468356899764
1667755860 -0.32779474396846375 -4.359281597852354 0.0 0.0 0.0 0.7367021975701452 0.7367021975701452
1667755860 -0.32779474396846375 -4.359281597852354 0.0 0.0 0.0 0.7367021975701452 0.7367021975701452
1667755863 -0.3417000626011182 -4.128722346619902 0.0 0.0 0.0 0.6954804947977671 0.6954804947977671
1667755864 -0.32203968085672985 -4.114427564556117 0.0 0.0 0.0 0.6648645765233527 0.6648645765233527
1667755864 -0.32203968085672985 -4.114427564556117 0.0 0.0 0.0 0.6648645765233527 0.6648645765233527
1667755865 -0.3006784867346902 -3.9792805655065564 0.0 0.0 0.0 0.6581846243980998 0.6581846243980998
1667755867 -0.2824692700558895 -3.798760877510914 0.0 0.0 0.0 0.6504463565690671 0.6504463565690671
1667755868 -0.24132000979208926 -3.63244439670403 0.0 0.0 0.0 0.6433490630582335 0.6433490630582335
1667755868 -0.24132000979208926 -3.63244439670403 0.0 0.0 0.0 0.6433490630582335 0.6433490630582335
1667755869 -0.21150779999509725 -3.434385735999825 0.0 0.0 0.0 0.6375523234304075 0.6375523234304075
1667755871 -0.16300434128600985 -3.243977665272859 0.0 0.0 0.0 0.6223039518680753 0.6223039518680753
1667755871 -0.14071074801318548 -3.172144716066782 0.0 0.0 0.0 0.6220021153329657 0.6220021153329657
1667755873 -0.1147533186132305 -3.0694052695537977 0.0 0.0 0.0 0.6144604761133449 0.6144604761133449
1667755874 -0.10738562643152769 -3.037393465853731 0.0 0.0 0.0 0.6775324698006051 0.6775324698006051
1667755874 -0.10452639269956736 -3.0067867048306725 0.0 0.0 0.0 0.7033593027505693 0.7033593027505693
1667755876 -0.1016354127730171 -2.883618588370873 0.0 0.0 0.0 0.7189910282252261 0.7189910282252261
1667755877 -0.10765113476936435 -2.7247700973482205 0.0 0.0 0.0 0.7392777319072842 0.7392777319072842
1667755877 -0.1234492786694969 -2.668811823097012 0.0 0.0 0.0 0.7486733272129908 0.7486733272129908
1667755879 -0.13459857868077416 -2.5310056534662047 0.0 0.0 0.0 0.762562534108215 0.762562534108215
1667755880 -0.1526200703071276 -2.4056142136642404 0.0 0.0 0.0 0.7769549420675773 0.7769549420675773
1667755881 -0.1589097077171048 -2.272757501782126 0.0 0.0 0.0 0.7283353838554307 0.7283353838554307
1667755882 -0.16138354072091482 -2.283863066415533 0.0 0.0 0.0 0.6968463181143925 0.6968463181143925
1667755883 -0.15184957603854637 -2.1561453834790565 0.0 0.0 0.0 0.6757922712243699 0.6757922712243699
1667755884 -0.14612247388557392 -2.0690328571256416 0.0 0.0 0.0 0.6369174667135753 0.6369174667135753
1667755884 -0.13742622872167182 -2.0376597264507734 0.0 0.0 0.0 0.6283791868383717 0.6283791868383717
1667755885 -0.1132705912002962 -1.9323383681906143 0.0 0.0 0.0 0.6178069573391594 0.6178069573391594
1667755886 -0.08650755498977489 -1.8611703124215606 0.0 0.0 0.0 0.6417678744294775 0.6417678744294775
1667755888 -0.06475525475800382 -1.7104344736669383 0.0 0.0 0.0 0.6322684013569985 0.6322684013569985
1667755889 -0.03249329589882558 -1.6163026306770967 0.0 0.0 0.0 0.6512563520782916 0.6512563520782916
1667755889 -0.02802874215102812 -1.596802608811301 0.0 0.0 0.0 0.659749108242204 0.659749108242204
1667755889 -0.02802874215102812 -1.596802608811301 0.0 0.0 0.0 0.659749108242204 0.659749108242204
1667755891 0.004406708233234655 -1.3977773064758297 0.0 0.0 0.0 0.657026314883355 0.657026314883355
1667755891 0.004406708233234655 -1.3977773064758297 0.0 0.0 0.0 0.657026314883355 0.657026314883355
1667755893 0.03913577187849425 -1.2283395469176952 0.0 0.0 0.0 0.6832671170358 0.6832671170358
1667755894 0.0437611760936372 -1.1334090316079157 0.0 0.0 0.0 0.6897123378209933 0.6897123378209933
1667755896 0.04431511578754999 -0.9456969411715402 0.0 0.0 0.0 0.7123655064909462 0.7123655064909462
1667755897 0.036499788531284084 -0.8607176319397762 0.0 0.0 0.0 0.7507230103844732 0.7507230103844732
1667755897 0.036499788531284084 -0.8607176319397762 0.0 0.0 0.0 0.7507230103844732 0.7507230103844732
1667755899 0.021831294187220737 -0.6521929348046428 0.0 0.0 0.0 0.7543892421300622 0.7543892421300622
1667755899 0.021831294187220737 -0.6521929348046428 0.0 0.0 0.0 0.7543892421300622 0.7543892421300622
1667755901 0.001203355941928334 -0.37780520394999173 0.0 0.0 0.0 0.7354865225693454 0.7354865225693454
1667755902 -0.006923080501164667 -0.3863138298909023 0.0 0.0 0.0 0.7110691544478046 0.7110691544478046
1667755902 -0.006923080501164667 -0.3863138298909023 0.0 0.0 0.0 0.7110691544478046 0.7110691544478046
1667755904 0.0012931836289481666 -0.18625118596162832 0.0 0.0 0.0 0.7109688131298418 0.7109688131298418
1667755904 0.0012931836289481666 -0.18625118596162832 0.0 0.0 0.0 0.7109688131298418 0.7109688131298418

