1667752156 0.008974073193735532 -0.004636003568670875 0.0 0.0 0.0 -0.0007214673956132573 -0.0007214673956132573
1667752156 0.008974073193735532 -0.004636003568670875 0.0 0.0 0.0 -0.0007214673956132573 -0.0007214673956132573
1667752156 0.008974073193735532 -0.004636003568670875 0.0 0.0 0.0 -0.0007214673956132573 -0.0007214673956132573
1667752156 0.008974073193735532 -0.004636003568670875 0.0 0.0 0.0 -0.0007214673956132573 -0.0007214673956132573
1667752156 0.008974073193735532 -0.004636003568670875 0.0 0.0 0.0 -0.0007214673956132573 -0.0007214673956132573
1667752161 0.09959339634166695 -0.041846421383023004 0.0 0.0 0.0 0.008565811825606838 0.008565811825606838
1667752162 0.1246110479833632 -0.021171446303076064 0.0 0.0 0.0 -0.0009648676263137458 -0.0009648676263137458
1667752163 0.17732340796423668 -0.04614014167881761 0.0 0.0 0.0 0.015340425022964085 0.015340425022964085
1667752164 0.3138457403564081 -0.02409966919685693 0.0 0.0 0.0 0.011715541517820595 0.011715541517820595
1667752165 0.3999598618705174 -0.040882591937815155 0.0 0.0 0.0 0.0029500914325590764 0.0029500914325590764
1667752166 0.5584390867166416 -0.04726073111159169 0.0 0.0 0.0 -0.006623881039342255 -0.006623881039342255
1667752167 0.675978817360722 -0.0627645268952546 0.0 0.0 0.0 -0.009190114659465103 -0.009190114659465103
1667752168 0.7404914902656591 -0.03709522694064023 0.0 0.0 0.0 -0.01788857808636414 -0.01788857808636414
1667752169 0.7570903905456697 -0.05624341662147479 0.0 0.0 0.0 -0.029091814424631754 -0.029091814424631754
1667752169 0.7570903905456697 -0.05624341662147479 0.0 0.0 0.0 -0.029091814424631754 -0.029091814424631754
1667752169 0.7570903905456697 -0.05624341662147479 0.0 0.0 0.0 -0.029091814424631754 -0.029091814424631754
1667752173 0.9588465005061201 -0.06439941333637726 0.0 0.0 0.0 -0.033617820652893864 -0.033617820652893864
1667752173 0.9588465005061201 -0.06439941333637726 0.0 0.0 0.0 -0.033617820652893864 -0.033617820652893864
1667752174 1.1329351805350425 -0.10187338176399151 0.0 0.0 0.0 -0.04405292535873239 -0.04405292535873239
1667752174 1.1329351805350425 -0.10187338176399151 0.0 0.0 0.0 -0.04405292535873239 -0.04405292535873239
1667752176 1.3362379466504106 -0.1213498688133617 0.0 0.0 0.0 -0.04249734395794263 -0.04249734395794263
1667752176 1.3362379466504106 -0.1213498688133617 0.0 0.0 0.0 -0.04249734395794263 -0.04249734395794263
1667752178 1.5396342023268792 -0.1465964283033375 0.0 0.0 0.0 -0.04497167086872622 -0.04497167086872622
1667752179 1.6568692856695095 -0.14718871636941774 0.0 0.0 0.0 -0.02112247991041648 -0.02112247991041648
1667752179 1.6568692856695095 -0.14718871636941774 0.0 0.0 0.0 -0.02112247991041648 -0.02112247991041648
1667752181 1.7781427601254665 -0.14451015376532578 0.0 0.0 0.0 0.017113224934550125 0.017113224934550125
1667752182 1.8221676668600835 -0.15880916849482585 0.0 0.0 0.0 0.0277319988634876 0.0277319988634876
1667752182 1.8221676668600835 -0.15880916849482585 0.0 0.0 0.0 0.0277319988634876 0.0277319988634876
1667752184 2.030300874062951 -0.14326854640793926 0.0 0.0 0.0 0.024137660464881534 0.024137660464881534
1667752184 2.030300874062951 -0.14326854640793926 0.0 0.0 0.0 0.024137660464881534 0.024137660464881534
1667752186 2.2304496636917426 -0.13583725399264815 0.0 0.0 0.0 0.029017019248725365 0.029017019248725365
1667752187 2.4302691281206172 -0.1254396376864363 0.0 0.0 0.0 0.02961722023336447 0.02961722023336447
1667752187 2.4302691281206172 -0.1254396376864363 0.0 0.0 0.0 0.02961722023336447 0.02961722023336447
1667752189 2.6386900734532164 -0.12359589617779158 0.0 0.0 0.0 0.03299665196033342 0.03299665196033342
1667752190 2.868357324690426 -0.12117591402987751 0.0 0.0 0.0 0.012922691454341693 0.012922691454341693
1667752191 2.941982054107311 -0.1170337479192235 0.0 0.0 0.0 0.0026604883400096185 0.0026604883400096185
1667752192 2.9907034970551942 -0.12021567505029386 0.0 0.0 0.0 -0.008232330908074615 -0.008232330908074615
1667752192 2.9907034970551942 -0.12021567505029386 0.0 0.0 0.0 -0.008232330908074615 -0.008232330908074615
1667752194 3.1943368962816843 -0.13215818782175826 0.0 0.0 0.0 -0.004764368807334645 -0.004764368807334645
1667752194 3.1943368962816843 -0.13215818782175826 0.0 0.0 0.0 -0.004764368807334645 -0.004764368807334645
1667752196 3.399592883308645 -0.1320847592117827 0.0 0.0 0.0 -0.00808205800678633 -0.00808205800678633
1667752197 3.6062520448950073 -0.14595493638297005 0.0 0.0 0.0 -0.012362099168239103 -0.012362099168239103
1667752199 3.817347498683407 -0.15989073020553882 0.0 0.0 0.0 -0.016934621876316808 -0.016934621876316808
1667752199 3.817347498683407 -0.15989073020553882 0.0 0.0 0.0 -0.016934621876316808 -0.016934621876316808
1667752200 4.020078677532711 -0.17078266307929807 0.0 0.0 0.0 -0.011922262620934331 -0.011922262620934331
1667752201 4.220549078421315 -0.17970466178701575 0.0 0.0 0.0 -0.01356481884232396 -0.01356481884232396
1667752201 4.220549078421315 -0.17970466178701575 0.0 0.0 0.0 -0.01356481884232396 -0.01356481884232396
1667752204 4.385451740387013 -0.19258996348640647 0.0 0.0 0.0 -0.04871099501205276 -0.04871099501205276
1667752205 4.389892949164361 -0.1918670169830105 0.0 0.0 0.0 -0.13756902493660875 -0.13756902493660875
1667752206 4.407785819594109 -0.20407103616731948 0.0 0.0 0.0 -0.23827422847658228 -0.23827422847658228
1667752207 4.426382829179229 -0.21749267435017935 0.0 0.0 0.0 -0.33706528355749216 -0.33706528355749216
1667752208 4.444321768456674 -0.24093568518328773 0.0 0.0 0.0 -0.41757640376085714 -0.41757640376085714
1667752209 4.447104441341454 -0.257831825077281 0.0 0.0 0.0 -0.503378367537738 -0.503378367537738
1667752210 4.457826051986664 -0.27433473539798375 0.0 0.0 0.0 -0.5870453942961408 -0.5870453942961408
1667752210 4.462287010876856 -0.2852616374392002 0.0 0.0 0.0 -0.6686210823062451 -0.6686210823062451
1667752211 4.460400628780863 -0.2989208095456531 0.0 0.0 0.0 -0.7041209025768759 -0.7041209025768759
1667752212 4.459846515939223 -0.3861891767150111 0.0 0.0 0.0 -0.7342550732008751 -0.7342550732008751
1667752214 4.441923505422318 -0.5062709978250927 0.0 0.0 0.0 -0.7677044410148331 -0.7677044410148331
1667752214 4.407395690607021 -0.6115772268230764 0.0 0.0 0.0 -0.7842401744369826 -0.7842401744369826
1667752216 4.394108048825008 -0.6825242067666062 0.0 0.0 0.0 -0.7717914839130745 -0.7717914839130745
1667752216 4.394108048825008 -0.6825242067666062 0.0 0.0 0.0 -0.7717914839130745 -0.7717914839130745
1667752218 4.382924868006244 -0.7406673866380667 0.0 0.0 0.0 -0.757524677422185 -0.757524677422185
1667752218 4.383251652100687 -0.7476868848334529 0.0 0.0 0.0 -0.7331243009847866 -0.7331243009847866
1667752219 4.376751105875276 -0.8487838921306355 0.0 0.0 0.0 -0.7260780502064326 -0.7260780502064326
1667752219 4.376751105875276 -0.8487838921306355 0.0 0.0 0.0 -0.7260780502064326 -0.7260780502064326
1667752221 4.3620176757974995 -1.026294878717908 0.0 0.0 0.0 -0.7122864729532851 -0.7122864729532851
1667752221 4.3620176757974995 -1.026294878717908 0.0 0.0 0.0 -0.7122864729532851 -0.7122864729532851
1667752223 4.355306694512122 -1.1983412095434844 0.0 0.0 0.0 -0.7047192947678707 -0.7047192947678707
1667752224 4.358611194406155 -1.337870748423764 0.0 0.0 0.0 -0.6972061726332925 -0.6972061726332925
1667752224 4.358611194406155 -1.337870748423764 0.0 0.0 0.0 -0.6972061726332925 -0.6972061726332925
1667752226 4.3586061087731744 -1.5493702488160594 0.0 0.0 0.0 -0.6943697961792384 -0.6943697961792384
1667752227 4.366878921043862 -1.7150313496006526 0.0 0.0 0.0 -0.6879103539039699 -0.6879103539039699
1667752227 4.366878921043862 -1.7150313496006526 0.0 0.0 0.0 -0.6879103539039699 -0.6879103539039699
1667752229 4.372772809190304 -1.917072539221398 0.0 0.0 0.0 -0.6823679089837251 -0.6823679089837251
1667752231 4.38882340300419 -2.1207861979890303 0.0 0.0 0.0 -0.6829481605797949 -0.6829481605797949
1667752231 4.380101503296113 -2.1645557908950166 0.0 0.0 0.0 -0.7032902899026785 -0.7032902899026785
1667752231 4.380101503296113 -2.1645557908950166 0.0 0.0 0.0 -0.7032902899026785 -0.7032902899026785
1667752233 4.38405233717763 -2.3724695288381805 0.0 0.0 0.0 -0.6998784439628941 -0.6998784439628941
1667752234 4.378835060767503 -2.5192703122587248 0.0 0.0 0.0 -0.7066495008893201 -0.7066495008893201
1667752236 4.3759026053057655 -2.7198347270989367 0.0 0.0 0.0 -0.7134239721994236 -0.7134239721994236
1667752236 4.35918728687133 -2.8280599972221707 0.0 0.0 0.0 -0.7344389539949333 -0.7344389539949333
1667752237 4.36058085435057 -2.840771757878614 0.0 0.0 0.0 -0.7435228664549386 -0.7435228664549386
1667752238 4.346614156251775 -2.948886900030244 0.0 0.0 0.0 -0.7495097903207392 -0.7495097903207392
1667752239 4.320387827172638 -3.15517549095744 0.0 0.0 0.0 -0.7459802073188091 -0.7459802073188091
1667752240 4.290621807079464 -3.2798044314068187 0.0 0.0 0.0 -0.7521436141111253 -0.7521436141111253
1667752241 4.270785224002116 -3.432380399591631 0.0 0.0 0.0 -0.7504364486014504 -0.7504364486014504
1667752242 4.2343887187575024 -3.6307318262253956 0.0 0.0 0.0 -0.7509164625247248 -0.7509164625247248
1667752243 4.232907028776058 -3.701888070852165 0.0 0.0 0.0 -0.6919941391469803 -0.6919941391469803
1667752245 4.2423583757458125 -3.7225221092395278 0.0 0.0 0.0 -0.6121994814993241 -0.6121994814993241
1667752246 4.256710203728867 -3.764087331984456 0.0 0.0 0.0 -0.5337744193181568 -0.5337744193181568
1667752247 4.264872847414046 -3.8129729738906395 0.0 0.0 0.0 -0.5280760833502506 -0.5280760833502506
1667752247 4.254277835658383 -3.798255942668811 0.0 0.0 0.0 -0.5369784576274973 -0.5369784576274973
1667752248 4.259052488505153 -3.8072673148826692 0.0 0.0 0.0 -0.5591694322464726 -0.5591694322464726
1667752249 4.26477382957859 -3.805395367324798 0.0 0.0 0.0 -0.5877103434371318 -0.5877103434371318
1667752249 4.26477382957859 -3.805395367324798 0.0 0.0 0.0 -0.5877103434371318 -0.5877103434371318
1667752251 4.2612598222171805 -3.8097896222353245 0.0 0.0 0.0 -0.5953239377861114 -0.5953239377861114
1667752252 4.273177212517368 -3.878954102216634 0.0 0.0 0.0 -0.6199579112739135 -0.6199579112739135
1667752253 4.28277656598449 -3.8818262104327395 0.0 0.0 0.0 -0.6347815273838676 -0.6347815273838676
1667752253 4.28277656598449 -3.8818262104327395 0.0 0.0 0.0 -0.6347815273838676 -0.6347815273838676
1667752256 4.288863452450457 -4.015380935463168 0.0 0.0 0.0 -0.6783306886619266 -0.6783306886619266
1667752256 4.28864558315043 -4.03265804274561 0.0 0.0 0.0 -0.7326281446523866 -0.7326281446523866
1667752257 4.2784078702099375 -4.144375637517428 0.0 0.0 0.0 -0.7448521562875107 -0.7448521562875107
1667752258 4.2640811601764765 -4.234219174415232 0.0 0.0 0.0 -0.7588852870817963 -0.7588852870817963
1667752259 4.23626832723941 -4.362141236483496 0.0 0.0 0.0 -0.7736639801141042 -0.7736639801141042
1667752261 4.2230472021085195 -4.433665034144468 0.0 0.0 0.0 -0.7597846940455789 -0.7597846940455789
1667752261 4.220046832281771 -4.438807807802086 0.0 0.0 0.0 -0.7524861990226904 -0.7524861990226904
1667752261 4.220046832281771 -4.438807807802086 0.0 0.0 0.0 -0.7524861990226904 -0.7524861990226904
1667752263 4.211496883260455 -4.509687760661724 0.0 0.0 0.0 -0.7436457252614173 -0.7436457252614173
1667752265 4.194794369717271 -4.659487786958886 0.0 0.0 0.0 -0.7361251886696576 -0.7361251886696576
1667752265 4.198704522564941 -4.725454124221241 0.0 0.0 0.0 -0.707047807171036 -0.707047807171036
1667752266 4.1983402756869515 -4.842843012282013 0.0 0.0 0.0 -0.6996299567371098 -0.6996299567371098
1667752267 4.193635788057966 -4.938404424269785 0.0 0.0 0.0 -0.6868895336641695 -0.6868895336641695
1667752268 4.195961669320731 -5.047741501637874 0.0 0.0 0.0 -0.6781098511419881 -0.6781098511419881
1667752268 4.195961669320731 -5.047741501637874 0.0 0.0 0.0 -0.6781098511419881 -0.6781098511419881
1667752270 4.207777168886123 -5.2508454578749575 0.0 0.0 0.0 -0.6744255709835657 -0.6744255709835657
1667752270 4.207777168886123 -5.2508454578749575 0.0 0.0 0.0 -0.6744255709835657 -0.6744255709835657
1667752272 4.22843504186246 -5.482021045049537 0.0 0.0 0.0 -0.6816903905407883 -0.6816903905407883
1667752274 4.23526622908783 -5.603090243715794 0.0 0.0 0.0 -0.689416105686889 -0.689416105686889
1667752275 4.233874196773232 -5.622653060275652 0.0 0.0 0.0 -0.7570940836939326 -0.7570940836939326
1667752275 4.218067910188931 -5.653737598059807 0.0 0.0 0.0 -0.7798416501424651 -0.7798416501424651
1667752277 4.193329720272592 -5.758540200851358 0.0 0.0 0.0 -0.7883997594359613 -0.7883997594359613
1667752277 4.194818752045944 -5.764889539880364 0.0 0.0 0.0 -0.7726551325792047 -0.7726551325792047
1667752278 4.191012104971778 -5.761309403571116 0.0 0.0 0.0 -0.7653328137748797 -0.7653328137748797
1667752278 4.191012104971778 -5.761309403571116 0.0 0.0 0.0 -0.7653328137748797 -0.7653328137748797
1667752281 4.169788362797377 -5.913955627174798 0.0 0.0 0.0 -0.7320471308173632 -0.7320471308173632
1667752281 4.163462754947402 -5.984247723281754 0.0 0.0 0.0 -0.7183826554911977 -0.7183826554911977
1667752281 4.163462754947402 -5.984247723281754 0.0 0.0 0.0 -0.7183826554911977 -0.7183826554911977
1667752283 4.156274742998511 -6.189770866577198 0.0 0.0 0.0 -0.7180707490579099 -0.7180707490579099
1667752284 4.156709441387045 -6.244161046402245 0.0 0.0 0.0 -0.7099974440323161 -0.7099974440323161
1667752285 4.14885698387008 -6.395230832719584 0.0 0.0 0.0 -0.7034476974162155 -0.7034476974162155
1667752285 4.14885698387008 -6.395230832719584 0.0 0.0 0.0 -0.7034476974162155 -0.7034476974162155
1667752287 4.1473062950774615 -6.595400014749135 0.0 0.0 0.0 -0.7021621084679073 -0.7021621084679073
1667752288 4.140020050286696 -6.798341756198344 0.0 0.0 0.0 -0.7032434792674672 -0.7032434792674672
1667752289 4.136667412054165 -6.9758260150005045 0.0 0.0 0.0 -0.6945079447163447 -0.6945079447163447
1667752290 4.132132330777339 -7.032964609641526 0.0 0.0 0.0 -0.6940739235370262 -0.6940739235370262
1667752291 4.140383320484447 -7.24241944398512 0.0 0.0 0.0 -0.6994945787666981 -0.6994945787666981
1667752291 4.140383320484447 -7.24241944398512 0.0 0.0 0.0 -0.6994945787666981 -0.6994945787666981
1667752293 4.137987577533023 -7.442860363934816 0.0 0.0 0.0 -0.6945786796955972 -0.6945786796955972
1667752294 4.141960180974243 -7.646926548943876 0.0 0.0 0.0 -0.6930792137358472 -0.6930792137358472
1667752295 4.1419521831284545 -7.794391594076047 0.0 0.0 0.0 -0.7215910076388468 -0.7215910076388468
1667752296 4.127381937825503 -7.901463676973279 0.0 0.0 0.0 -0.7354374155338459 -0.7354374155338459
1667752296 4.127381937825503 -7.901463676973279 0.0 0.0 0.0 -0.7354374155338459 -0.7354374155338459
1667752298 4.1042830953512 -8.103982137485081 0.0 0.0 0.0 -0.7354191784677978 -0.7354191784677978
1667752299 4.10262446359746 -8.219377066950033 0.0 0.0 0.0 -0.7076321241327967 -0.7076321241327967
1667752300 4.092818339713993 -8.338708903366854 0.0 0.0 0.0 -0.7012817910541995 -0.7012817910541995
1667752300 4.092818339713993 -8.338708903366854 0.0 0.0 0.0 -0.7012817910541995 -0.7012817910541995
1667752302 4.089652692694966 -8.54763153520545 0.0 0.0 0.0 -0.702920892407364 -0.702920892407364
1667752303 4.089763319426078 -8.753680548952444 0.0 0.0 0.0 -0.703365320488904 -0.703365320488904
1667752305 4.080792230040267 -8.95736812971971 0.0 0.0 0.0 -0.7016657334466455 -0.7016657334466455
1667752305 4.080792230040267 -8.95736812971971 0.0 0.0 0.0 -0.7016657334466455 -0.7016657334466455
1667752306 4.076225918015195 -9.166320646034096 0.0 0.0 0.0 -0.7020742735836465 -0.7020742735836465
1667752308 4.076095345066242 -9.373905717436541 0.0 0.0 0.0 -0.6980594863382046 -0.6980594863382046
1667752308 4.076095345066242 -9.373905717436541 0.0 0.0 0.0 -0.6980594863382046 -0.6980594863382046
1667752309 4.0733425774793055 -9.617492100809779 0.0 0.0 0.0 -0.7238965880495563 -0.7238965880495563
1667752309 4.0733425774793055 -9.617492100809779 0.0 0.0 0.0 -0.7238965880495563 -0.7238965880495563
1667752311 4.071558126443799 -9.831181435283314 0.0 0.0 0.0 -0.7223047791912767 -0.7223047791912767
1667752312 4.051367598496398 -10.031041082890289 0.0 0.0 0.0 -0.7239833760283423 -0.7239833760283423
1667752312 4.051367598496398 -10.031041082890289 0.0 0.0 0.0 -0.7239833760283423 -0.7239833760283423
1667752315 4.012328752586739 -10.284258170585561 0.0 0.0 0.0 -0.786622823855874 -0.786622823855874
1667752316 4.00298664981627 -10.316153754030617 0.0 0.0 0.0 -0.8681435525061882 -0.8681435525061882
1667752317 3.9899320086962433 -10.321047787183163 0.0 0.0 0.0 -0.9115382308254183 -0.9115382308254183
1667752318 3.9886433342397702 -10.334383937074914 0.0 0.0 0.0 -0.9475782656040042 -0.9475782656040042
1667752319 3.9745112032444077 -10.34697175503753 0.0 0.0 0.0 -0.9760416652284095 -0.9760416652284095
1667752320 3.949512476791893 -10.348974007044237 0.0 0.0 0.0 -0.9929044059115966 -0.9929044059115966
1667752320 3.9468692230191573 -10.347055581422646 0.0 0.0 0.0 -0.9987234834720858 -0.9987234834720858
1667752321 3.943023743390956 -10.348488592192233 0.0 0.0 0.0 -0.9998858955573783 -0.9998858955573783
1667752322 3.8376499242302446 -10.351518469800656 0.0 0.0 0.0 -0.9995175739187386 -0.9995175739187386
1667752323 3.7035490874822177 -10.327033864297071 0.0 0.0 0.0 -0.9961631947310183 -0.9961631947310183
1667752324 3.6590510517999038 -10.324875603973009 0.0 0.0 0.0 -0.9984122733343384 -0.9984122733343384
1667752325 3.661073165544586 -10.323390220199054 0.0 0.0 0.0 -0.9990744535878889 -0.9990744535878889
1667752325 3.661073165544586 -10.323390220199054 0.0 0.0 0.0 -0.9990744535878889 -0.9990744535878889
1667752327 3.571965307633442 -10.31390133022499 0.0 0.0 0.0 -0.9994147606968549 -0.9994147606968549
1667752328 3.4558644580971136 -10.300755971480118 0.0 0.0 0.0 -0.9996789254320142 -0.9996789254320142
1667752329 3.372340184484991 -10.297205143186714 0.0 0.0 0.0 -0.999878137622164 -0.999878137622164
1667752330 3.2501463773476758 -10.28430123561889 0.0 0.0 0.0 -0.9999786773690958 -0.9999786773690958
1667752331 3.114985613724384 -10.282872283868333 0.0 0.0 0.0 -0.9999974203364193 -0.9999974203364193
1667752331 3.114985613724384 -10.282872283868333 0.0 0.0 0.0 -0.9999974203364193 -0.9999974203364193
1667752333 2.9097150647753445 -10.281648123204596 0.0 0.0 0.0 -0.9999213479527861 -0.9999213479527861
1667752334 2.7020282462652983 -10.275263541689611 0.0 0.0 0.0 -0.9998915462698642 -0.9998915462698642
1667752334 2.7020282462652983 -10.275263541689611 0.0 0.0 0.0 -0.9998915462698642 -0.9998915462698642
1667752336 2.500933378612044 -10.280729663056015 0.0 0.0 0.0 -0.9997526186808526 -0.9997526186808526
1667752338 2.2906804045544105 -10.285185548583987 0.0 0.0 0.0 -0.999759363478964 -0.999759363478964
1667752338 2.2906804045544105 -10.285185548583987 0.0 0.0 0.0 -0.999759363478964 -0.999759363478964
1667752339 2.080392442238679 -10.297257925911751 0.0 0.0 0.0 -0.9997921304455598 -0.9997921304455598
1667752340 1.9647683228680137 -10.298077659341214 0.0 0.0 0.0 -0.999547146668168 -0.999547146668168
1667752342 1.7545584533028922 -10.29932917408382 0.0 0.0 0.0 -0.9995738849757676 -0.9995738849757676
1667752342 1.6640571627605485 -10.30789844311212 0.0 0.0 0.0 -0.9999859917141524 -0.9999859917141524
1667752343 1.657512377654228 -10.294965322494834 0.0 0.0 0.0 -0.9998993969942209 -0.9998993969942209
1667752344 1.4515140798652302 -10.297059746109348 0.0 0.0 0.0 -0.999916700428936 -0.999916700428936
1667752344 1.4515140798652302 -10.297059746109348 0.0 0.0 0.0 -0.999916700428936 -0.999916700428936
1667752346 1.2460938165279998 -10.284328647157377 0.0 0.0 0.0 -0.99990381464638 -0.99990381464638
1667752347 1.0416582232587606 -10.271037917756363 0.0 0.0 0.0 -0.9998972792865484 -0.9998972792865484
1667752349 0.8306461713573461 -10.274063944785789 0.0 0.0 0.0 -0.9999048133006253 -0.9999048133006253
1667752349 0.8306461713573461 -10.274063944785789 0.0 0.0 0.0 -0.9999048133006253 -0.9999048133006253
1667752350 0.6125586486460608 -10.250743990679572 0.0 0.0 0.0 -0.9999558194264686 -0.9999558194264686
1667752352 0.39559542715633167 -10.239086392241488 0.0 0.0 0.0 -0.9998996397019699 -0.9998996397019699
1667752352 0.39559542715633167 -10.239086392241488 0.0 0.0 0.0 -0.9998996397019699 -0.9998996397019699
1667752353 0.1821525732432906 -10.23779320220136 0.0 0.0 0.0 -0.9998287633223358 -0.9998287633223358
1667752354 -0.018154903375134993 -10.218579554276907 0.0 0.0 0.0 -0.9997641263783253 -0.9997641263783253
1667752354 -0.018154903375134993 -10.218579554276907 0.0 0.0 0.0 -0.9997641263783253 -0.9997641263783253
1667752356 -0.2210730697527599 -10.198258382868238 0.0 0.0 0.0 -0.9998027686722145 -0.9998027686722145
1667752357 -0.4318579446771546 -10.19310646344613 0.0 0.0 0.0 -0.9998527019937367 -0.9998527019937367
1667752357 -0.4318579446771546 -10.19310646344613 0.0 0.0 0.0 -0.9998527019937367 -0.9998527019937367
1667752359 -0.4813119121545895 -10.17722330329506 0.0 0.0 0.0 -0.9999835720743051 -0.9999835720743051
1667752360 -0.4521858427259405 -10.192839259023106 0.0 0.0 0.0 -0.9994163667082566 -0.9994163667082566
1667752362 -0.4543954573930523 -10.190317809114019 0.0 0.0 0.0 -0.9982226275015292 -0.9982226275015292
1667752363 -0.4486459322416199 -10.19687551541097 0.0 0.0 0.0 -0.996336269469033 -0.996336269469033
1667752364 -0.4516944694540491 -10.17789874813007 0.0 0.0 0.0 -0.992731584480279 -0.992731584480279
1667752364 -0.45068877138536423 -10.184978731245815 0.0 0.0 0.0 -0.9898018017292238 -0.9898018017292238
1667752364 -0.45068877138536423 -10.184978731245815 0.0 0.0 0.0 -0.9898018017292238 -0.9898018017292238
1667752366 -0.4419515642006849 -10.180532969540826 0.0 0.0 0.0 -0.9876787905763483 -0.9876787905763483
1667752366 -0.4419515642006849 -10.180532969540826 0.0 0.0 0.0 -0.9876787905763483 -0.9876787905763483
1667752368 -0.44863372507471744 -10.172472846042059 0.0 0.0 0.0 -0.9861887503911634 -0.9861887503911634
1667752368 -0.44863372507471744 -10.172472846042059 0.0 0.0 0.0 -0.9861887503911634 -0.9861887503911634
1667752368 -0.44863372507471744 -10.172472846042059 0.0 0.0 0.0 -0.9861887503911634 -0.9861887503911634
1667752368 -0.44863372507471744 -10.172472846042059 0.0 0.0 0.0 -0.9861887503911634 -0.9861887503911634
1667752368 -0.44863372507471744 -10.172472846042059 0.0 0.0 0.0 -0.9861887503911634 -0.9861887503911634
1667752373 -0.44326988372772896 -10.186957678851657 0.0 0.0 0.0 -0.9862987017131587 -0.9862987017131587
1667752373 -0.44326988372772896 -10.186957678851657 0.0 0.0 0.0 -0.9862987017131587 -0.9862987017131587
1667752375 -0.4440321294928335 -10.188039471815408 0.0 0.0 0.0 -0.9848343353402403 -0.9848343353402403
1667752377 -0.4596971174288616 -10.184749051861512 0.0 0.0 0.0 -0.978271108316972 -0.978271108316972
1667752377 -0.4596971174288616 -10.184749051861512 0.0 0.0 0.0 -0.978271108316972 -0.978271108316972
1667752378 -0.5318625089647451 -10.14634830805777 0.0 0.0 0.0 -0.9760602825494483 -0.9760602825494483
1667752379 -0.5987715206586289 -10.088897166781901 0.0 0.0 0.0 -0.9584785442235103 -0.9584785442235103
1667752380 -0.6122325315688065 -10.081258370223226 0.0 0.0 0.0 -0.9390018064983771 -0.9390018064983771
1667752381 -0.6092796396223664 -10.083621768186923 0.0 0.0 0.0 -0.9163478114424887 -0.9163478114424887
1667752383 -0.6212382264478128 -10.080873088703234 0.0 0.0 0.0 -0.8829760425153966 -0.8829760425153966
1667752383 -0.6232510088539744 -10.066674192895132 0.0 0.0 0.0 -0.8596984891219605 -0.8596984891219605
1667752385 -0.6289419441528897 -10.048476396711651 0.0 0.0 0.0 -0.824273849138687 -0.824273849138687
1667752386 -0.6318249319353152 -10.037689568055 0.0 0.0 0.0 -0.7924648137881277 -0.7924648137881277
1667752387 -0.6341935342350603 -10.02511706747328 0.0 0.0 0.0 -0.7481651641726005 -0.7481651641726005
1667752387 -0.6370353433509893 -10.012554702489597 0.0 0.0 0.0 -0.7017606996694693 -0.7017606996694693
1667752388 -0.6320199177307044 -9.984605214182956 0.0 0.0 0.0 -0.6784028082285615 -0.6784028082285615
1667752389 -0.6244596493231653 -9.887880258329693 0.0 0.0 0.0 -0.6490398093983722 -0.6490398093983722
1667752390 -0.600380587832967 -9.76742163136362 0.0 0.0 0.0 -0.6310898820032447 -0.6310898820032447
1667752392 -0.558801534762914 -9.605937864031109 0.0 0.0 0.0 -0.5962918466298566 -0.5962918466298566
1667752392 -0.5346708660515056 -9.554719451118725 0.0 0.0 0.0 -0.5852108179640535 -0.5852108179640535
1667752393 -0.5010615439127497 -9.4436493871016 0.0 0.0 0.0 -0.6037662983904806 -0.6037662983904806
1667752394 -0.4978146168248693 -9.429776473380263 0.0 0.0 0.0 -0.6348271852663778 -0.6348271852663778
1667752395 -0.4857891737582618 -9.38916763022621 0.0 0.0 0.0 -0.6503385065480468 -0.6503385065480468
1667752396 -0.4623805767717736 -9.268639792566544 0.0 0.0 0.0 -0.6648412476665749 -0.6648412476665749
1667752397 -0.45732839974505907 -9.243921117532816 0.0 0.0 0.0 -0.6718839898800898 -0.6718839898800898
1667752398 -0.4503059303242919 -9.132555774367631 0.0 0.0 0.0 -0.6784770965386173 -0.6784770965386173
1667752399 -0.426433343000399 -8.92701115075634 0.0 0.0 0.0 -0.6831742309917027 -0.6831742309917027
1667752401 -0.42299597853934284 -8.801325591877042 0.0 0.0 0.0 -0.7071329823746307 -0.7071329823746307
1667752402 -0.41850263405193183 -8.74983259726705 0.0 0.0 0.0 -0.7738229035165882 -0.7738229035165882
1667752402 -0.43523826903903984 -8.70208999472451 0.0 0.0 0.0 -0.8094105448117924 -0.8094105448117924
1667752403 -0.4324800841314108 -8.655484898767376 0.0 0.0 0.0 -0.7793520397428312 -0.7793520397428312
1667752405 -0.43874740419630853 -8.649323622411815 0.0 0.0 0.0 -0.738313701243278 -0.738313701243278
1667752405 -0.44971877712233393 -8.63755145702526 0.0 0.0 0.0 -0.7176853244411857 -0.7176853244411857
1667752406 -0.4438152567020258 -8.550289319363571 0.0 0.0 0.0 -0.7114095811585812 -0.7114095811585812
1667752407 -0.4366597524859604 -8.41651762631629 0.0 0.0 0.0 -0.6852035812214108 -0.6852035812214108
1667752408 -0.4382339213221156 -8.301382877234953 0.0 0.0 0.0 -0.6673087186050636 -0.6673087186050636
1667752409 -0.4061421781414027 -8.214347698445982 0.0 0.0 0.0 -0.6747756947565411 -0.6747756947565411
1667752410 -0.4157203039621143 -8.20478884476929 0.0 0.0 0.0 -0.6971015398196351 -0.6971015398196351
1667752411 -0.4146721898222172 -8.141421767020281 0.0 0.0 0.0 -0.706501371261738 -0.706501371261738
1667752412 -0.4150196155407086 -8.03691362064776 0.0 0.0 0.0 -0.7133059481601782 -0.7133059481601782
1667752413 -0.41914036170594193 -7.897761496030111 0.0 0.0 0.0 -0.7134357616533331 -0.7134357616533331
1667752414 -0.41053173693632267 -7.888858211172957 0.0 0.0 0.0 -0.7202207089672749 -0.7202207089672749
1667752415 -0.41626246387340965 -7.686500097042834 0.0 0.0 0.0 -0.722917043871088 -0.722917043871088
1667752416 -0.43073346202091223 -7.565964462330002 0.0 0.0 0.0 -0.7293295226781104 -0.7293295226781104
1667752416 -0.43073346202091223 -7.565964462330002 0.0 0.0 0.0 -0.7293295226781104 -0.7293295226781104
1667752418 -0.4350785153210399 -7.2867241490456935 0.0 0.0 0.0 -0.7385483029554282 -0.7385483029554282
1667752419 -0.4408068267737584 -7.1746618154337165 0.0 0.0 0.0 -0.745348981521698 -0.745348981521698
1667752419 -0.4408068267737584 -7.1746618154337165 0.0 0.0 0.0 -0.745348981521698 -0.745348981521698
1667752421 -0.45211287126557625 -6.977965835268652 0.0 0.0 0.0 -0.7160400792272025 -0.7160400792272025
1667752422 -0.4609803169263891 -6.951829934510762 0.0 0.0 0.0 -0.7096601093351673 -0.7096601093351673
1667752423 -0.45710757080675196 -6.778261431427491 0.0 0.0 0.0 -0.7174963572876266 -0.7174963572876266
1667752423 -0.45710757080675196 -6.778261431427491 0.0 0.0 0.0 -0.7174963572876266 -0.7174963572876266
1667752425 -0.4583342614226533 -6.57915111194761 0.0 0.0 0.0 -0.7073174638507507 -0.7073174638507507
1667752425 -0.4583342614226533 -6.57915111194761 0.0 0.0 0.0 -0.7073174638507507 -0.7073174638507507
1667752427 -0.45277735001456254 -6.374041746480899 0.0 0.0 0.0 -0.7055102826012843 -0.7055102826012843
1667752427 -0.45277735001456254 -6.374041746480899 0.0 0.0 0.0 -0.7055102826012843 -0.7055102826012843
1667752429 -0.43289561000436433 -6.1660377813700435 0.0 0.0 0.0 -0.7010289146623211 -0.7010289146623211
1667752431 -0.42822288377236895 -5.921065839848118 0.0 0.0 0.0 -0.6744044008250998 -0.6744044008250998
1667752431 -0.4071875171837677 -5.916718943421468 0.0 0.0 0.0 -0.6368029110395799 -0.6368029110395799
1667752431 -0.4071875171837677 -5.916718943421468 0.0 0.0 0.0 -0.6368029110395799 -0.6368029110395799
1667752433 -0.3810847467119622 -5.717149845565213 0.0 0.0 0.0 -0.6360834932559313 -0.6360834932559313
1667752434 -0.34032179271858937 -5.520164914371497 0.0 0.0 0.0 -0.6349520587652883 -0.6349520587652883
1667752435 -0.32201377430940464 -5.4276419245017244 0.0 0.0 0.0 -0.6821767117465372 -0.6821767117465372
1667752436 -0.31974176357037315 -5.391846537808304 0.0 0.0 0.0 -0.6947976471500067 -0.6947976471500067
1667752437 -0.2940383160323622 -5.187167367419319 0.0 0.0 0.0 -0.6963386328665394 -0.6963386328665394
1667752437 -0.2940383160323622 -5.187167367419319 0.0 0.0 0.0 -0.6963386328665394 -0.6963386328665394
1667752439 -0.29484650639318644 -4.986483245937481 0.0 0.0 0.0 -0.698851967785859 -0.698851967785859
1667752440 -0.3009792284093713 -4.834674787339758 0.0 0.0 0.0 -0.727083518505033 -0.727083518505033
1667752441 -0.3008624850567204 -4.701224718932777 0.0 0.0 0.0 -0.7478694986022287 -0.7478694986022287
1667752441 -0.3008624850567204 -4.701224718932777 0.0 0.0 0.0 -0.7478694986022287 -0.7478694986022287
1667752443 -0.3183721889441314 -4.501325022800442 0.0 0.0 0.0 -0.7476581976448042 -0.7476581976448042
1667752444 -0.3270063617745395 -4.301211675978041 0.0 0.0 0.0 -0.7498389232751825 -0.7498389232751825
1667752446 -0.33913561591729185 -4.2166810647335256 0.0 0.0 0.0 -0.6823347082112659 -0.6823347082112659
1667752447 -0.3243182531996808 -4.187040890227798 0.0 0.0 0.0 -0.605844818337718 -0.605844818337718
1667752447 -0.3005107765451181 -4.152836953353421 0.0 0.0 0.0 -0.5667437328788453 -0.5667437328788453
1667752448 -0.30594889539239023 -4.137579979184402 0.0 0.0 0.0 -0.5803135871323596 -0.5803135871323596
1667752450 -0.2938794154022723 -4.129633574366554 0.0 0.0 0.0 -0.6082609600691256 -0.6082609600691256
1667752450 -0.294267867389669 -4.126572583992877 0.0 0.0 0.0 -0.628724605933763 -0.628724605933763
1667752451 -0.2767467854557343 -4.107689317716071 0.0 0.0 0.0 -0.6397988050240226 -0.6397988050240226
1667752453 -0.26691000258292047 -4.050692442016989 0.0 0.0 0.0 -0.6777998898193691 -0.6777998898193691
1667752453 -0.263005207364484 -3.9926914641063624 0.0 0.0 0.0 -0.7006435390541894 -0.7006435390541894
1667752453 -0.263005207364484 -3.9926914641063624 0.0 0.0 0.0 -0.7006435390541894 -0.7006435390541894
1667752455 -0.2659739425549094 -3.830936467857928 0.0 0.0 0.0 -0.7103984027997491 -0.7103984027997491
1667752455 -0.2659739425549094 -3.830936467857928 0.0 0.0 0.0 -0.7103984027997491 -0.7103984027997491
1667752457 -0.26029504986465046 -3.626346282194462 0.0 0.0 0.0 -0.7194691390289177 -0.7194691390289177
1667752457 -0.26029504986465046 -3.626346282194462 0.0 0.0 0.0 -0.7194691390289177 -0.7194691390289177
1667752459 -0.2705585479411518 -3.4167829129563354 0.0 0.0 0.0 -0.723444841828326 -0.723444841828326
1667752460 -0.26130117588773666 -3.3206701694917506 0.0 0.0 0.0 -0.7300023774755943 -0.7300023774755943
1667752461 -0.27544083241721545 -3.1165638491066696 0.0 0.0 0.0 -0.7322108023623103 -0.7322108023623103
1667752461 -0.27544083241721545 -3.1165638491066696 0.0 0.0 0.0 -0.7322108023623103 -0.7322108023623103
1667752463 -0.27141505804014565 -2.9207880518300438 0.0 0.0 0.0 -0.7250907154163234 -0.7250907154163234
1667752464 -0.2853113984761291 -2.748039655086653 0.0 0.0 0.0 -0.7120844037385508 -0.7120844037385508
1667752465 -0.2931664426163493 -2.6969159450895854 0.0 0.0 0.0 -0.7052213803116145 -0.7052213803116145
1667752465 -0.2931664426163493 -2.6969159450895854 0.0 0.0 0.0 -0.7052213803116145 -0.7052213803116145
1667752467 -0.2836514847574666 -2.486694290139529 0.0 0.0 0.0 -0.7059716559602849 -0.7059716559602849
1667752468 -0.26769061572280783 -2.278442923357794 0.0 0.0 0.0 -0.6999093362602271 -0.6999093362602271
1667752470 -0.25718336892462007 -2.236657656840506 0.0 0.0 0.0 -0.6152719284167074 -0.6152719284167074
1667752470 -0.24776263707349613 -2.20119264875533 0.0 0.0 0.0 -0.562483547562802 -0.562483547562802
1667752471 -0.2609288633235407 -2.2155994294590404 0.0 0.0 0.0 -0.579956262486343 -0.579956262486343
1667752471 -0.2609288633235407 -2.2155994294590404 0.0 0.0 0.0 -0.579956262486343 -0.579956262486343
1667752471 -0.2609288633235407 -2.2155994294590404 0.0 0.0 0.0 -0.579956262486343 -0.579956262486343
1667752474 -0.25658206670309874 -2.1636613949803203 0.0 0.0 0.0 -0.6129204964640806 -0.6129204964640806
1667752474 -0.25658206670309874 -2.1636613949803203 0.0 0.0 0.0 -0.6129204964640806 -0.6129204964640806
1667752474 -0.25658206670309874 -2.1636613949803203 0.0 0.0 0.0 -0.6129204964640806 -0.6129204964640806
1667752478 -0.21800820823332756 -2.066681996219525 0.0 0.0 0.0 -0.6492748174891435 -0.6492748174891435
1667752478 -0.21182714722500262 -2.059706047685862 0.0 0.0 0.0 -0.6580828140052705 -0.6580828140052705
1667752479 -0.19270703413840268 -1.9318918517991215 0.0 0.0 0.0 -0.6652699059123022 -0.6652699059123022
1667752480 -0.2052430029281467 -1.9009632953668691 0.0 0.0 0.0 -0.671855107572816 -0.671855107572816
1667752481 -0.2084876992776378 -1.7708682671073017 0.0 0.0 0.0 -0.68662114412245 -0.68662114412245
1667752482 -0.18934672948261572 -1.7561753006505851 0.0 0.0 0.0 -0.6929713922727375 -0.6929713922727375
1667752484 -0.18693914944757953 -1.5948888348709847 0.0 0.0 0.0 -0.6994823149742816 -0.6994823149742816
1667752484 -0.18693914944757953 -1.5948888348709847 0.0 0.0 0.0 -0.6994823149742816 -0.6994823149742816
1667752485 -0.1877102685623921 -1.3834860623807013 0.0 0.0 0.0 -0.7027450492421261 -0.7027450492421261
1667752485 -0.1877102685623921 -1.3834860623807013 0.0 0.0 0.0 -0.7027450492421261 -0.7027450492421261
1667752487 -0.15217809999243476 -1.185133942282558 0.0 0.0 0.0 -0.7062946702724536 -0.7062946702724536
1667752488 -0.17871447643641503 -0.9757772905996369 0.0 0.0 0.0 -0.710046306566228 -0.710046306566228
1667752488 -0.17871447643641503 -0.9757772905996369 0.0 0.0 0.0 -0.710046306566228 -0.710046306566228
1667752490 -0.15403632251456417 -0.7656955935312829 0.0 0.0 0.0 -0.7140268917815618 -0.7140268917815618
1667752491 -0.15024822774382848 -0.5569606748467767 0.0 0.0 0.0 -0.7170248938984931 -0.7170248938984931
1667752491 -0.15024822774382848 -0.5569606748467767 0.0 0.0 0.0 -0.7170248938984931 -0.7170248938984931
1667752493 -0.15693558219232123 -0.3489231715353888 0.0 0.0 0.0 -0.7198295059428035 -0.7198295059428035
1667752494 -0.15996646503415338 -0.13841941485124745 0.0 0.0 0.0 -0.724152408781024 -0.724152408781024
1667752496 -0.1573402875911089 -0.006287060009578044 0.0 0.0 0.0 -0.6657269817936308 -0.6657269817936308
1667752497 -0.13886191923587496 0.02292672583311083 0.0 0.0 0.0 -0.5827207058019335 -0.5827207058019335
1667752498 -0.13633578669053847 0.0002373000403846047 0.0 0.0 0.0 -0.50808486066775 -0.50808486066775
1667752499 -0.12077437363024326 0.026168979581725454 0.0 0.0 0.0 -0.4211601237707821 -0.4211601237707821
1667752500 -0.089177419559546 0.03439007601062316 0.0 0.0 0.0 -0.3311082469750993 -0.3311082469750993
1667752501 -0.07816893864910278 0.04233168390858186 0.0 0.0 0.0 -0.23269306385319394 -0.23269306385319394
1667752502 -0.06732717228281755 0.052050983219501974 0.0 0.0 0.0 -0.10268258710879641 -0.10268258710879641
1667752502 -0.040255533425752735 0.04715988640804319 0.0 0.0 0.0 -0.014103809166113299 -0.014103809166113299
1667752503 0.08926737841499206 0.040204526898698564 0.0 0.0 0.0 0.03695560124102347 0.03695560124102347
1667752504 0.1961685337717123 0.03273706330613042 0.0 0.0 0.0 0.07844432227630468 0.07844432227630468
1667752505 0.3105505899442625 0.007400086389521623 0.0 0.0 0.0 0.10158100452202559 0.10158100452202559
1667752506 0.3242875115794086 -0.01103829232846883 0.0 0.0 0.0 0.04822348473584366 0.04822348473584366
1667752507 0.34268651999497174 -0.012155728534040691 0.0 0.0 0.0 0.02320614145191598 0.02320614145191598
1667752508 0.43556375185904783 -0.018744570112172683 0.0 0.0 0.0 0.008178749985941038 0.008178749985941038
1667752508 0.43556375185904783 -0.018744570112172683 0.0 0.0 0.0 0.008178749985941038 0.008178749985941038
1667752510 0.6418613700910034 -0.019813027909691545 0.0 0.0 0.0 0.00013628752674304384 0.00013628752674304384
1667752511 0.7624523196333151 -0.018329806253568257 0.0 0.0 0.0 -0.00863561696875688 -0.00863561696875688
1667752513 0.9344725064686206 -0.017813544190814167 0.0 0.0 0.0 -0.018600226524171298 -0.018600226524171298
1667752513 0.9344725064686206 -0.017813544190814167 0.0 0.0 0.0 -0.018600226524171298 -0.018600226524171298
1667752514 1.088227651366044 -0.011640281795894719 0.0 0.0 0.0 0.01187221836521227 0.01187221836521227
1667752514 1.088227651366044 -0.011640281795894719 0.0 0.0 0.0 0.01187221836521227 0.01187221836521227
1667752516 1.2961584024558435 -0.027439051142627797 0.0 0.0 0.0 0.013338488313957408 0.013338488313957408
1667752517 1.5007734456613262 -0.033526399620306735 0.0 0.0 0.0 0.004946919923302418 0.004946919923302418
1667752517 1.5007734456613262 -0.033526399620306735 0.0 0.0 0.0 0.004946919923302418 0.004946919923302418
1667752519 1.7057291711292755 -0.041835088962815896 0.0 0.0 0.0 0.01173185768429235 0.01173185768429235
1667752520 1.9135950422949721 -0.05376735604818761 0.0 0.0 0.0 0.006785302641519476 0.006785302641519476
1667752521 1.9343594189732085 -0.0527293616679586 0.0 0.0 0.0 -0.0030381132826905804 -0.0030381132826905804
1667752522 2.139454522323178 -0.05112267325177665 0.0 0.0 0.0 -0.0044247219848286 -0.0044247219848286
1667752523 2.3180365712922715 -0.056148024024221865 0.0 0.0 0.0 -0.013325346204385836 -0.013325346204385836
1667752524 2.468504109669496 -0.05458949593847266 0.0 0.0 0.0 -0.004117182664086394 -0.004117182664086394
1667752524 2.468504109669496 -0.05458949593847266 0.0 0.0 0.0 -0.004117182664086394 -0.004117182664086394
1667752526 2.748085060282761 -0.05454355196935048 0.0 0.0 0.0 -0.002302552567746363 -0.002302552567746363
1667752528 2.839696835575835 -0.05324224301567893 0.0 0.0 0.0 0.062283501741574245 0.062283501741574245
1667752528 2.839696835575835 -0.05324224301567893 0.0 0.0 0.0 0.062283501741574245 0.062283501741574245
1667752529 3.0438100263702585 -0.08274732395921805 0.0 0.0 0.0 0.06442760816991933 0.06442760816991933
1667752530 3.1967063857202653 -0.10589059379524579 0.0 0.0 0.0 0.018727144323700214 0.018727144323700214
1667752531 3.2661322743045007 -0.11746357125434134 0.0 0.0 0.0 0.007608446276587172 0.007608446276587172
1667752532 3.468463953466156 -0.12495058532483046 0.0 0.0 0.0 0.013942395903062788 0.013942395903062788
1667752532 3.468463953466156 -0.12495058532483046 0.0 0.0 0.0 0.013942395903062788 0.013942395903062788
1667752534 3.645190824873383 -0.13379578381702403 0.0 0.0 0.0 0.005290450447332007 0.005290450447332007
1667752535 3.8509839062482576 -0.14316521571471016 0.0 0.0 0.0 0.005709034933291041 0.005709034933291041
1667752536 3.971893011433451 -0.13711302550924415 0.0 0.0 0.0 0.014418191516974389 0.014418191516974389
1667752537 4.180873263694177 -0.1601087882432409 0.0 0.0 0.0 0.005138378717750011 0.005138378717750011
1667752539 4.299453562408651 -0.1797608812403344 0.0 0.0 0.0 0.07751801425911645 0.07751801425911645
1667752539 4.345017533027958 -0.18138145051659252 0.0 0.0 0.0 0.10764997646849984 0.10764997646849984
1667752541 4.420562294042388 -0.20418049927952847 0.0 0.0 0.0 0.19557255614337188 0.19557255614337188
1667752542 4.4336732979302305 -0.21230483328109284 0.0 0.0 0.0 0.3015740642994248 0.3015740642994248
1667752542 4.449477073953913 -0.24497940400874707 0.0 0.0 0.0 0.39813160490741856 0.39813160490741856
1667752544 4.464642982457995 -0.2680386230977574 0.0 0.0 0.0 0.4905614081064879 0.4905614081064879
1667752545 4.46912252324044 -0.29099707704841965 0.0 0.0 0.0 0.5854957784028525 0.5854957784028525
1667752546 4.47631800166358 -0.3406019999967473 0.0 0.0 0.0 0.650088056228522 0.650088056228522
1667752546 4.48544573281824 -0.45175755229532194 0.0 0.0 0.0 0.6987847643367312 0.6987847643367312
1667752548 4.475114406102284 -0.5924958847623774 0.0 0.0 0.0 0.7290573734029671 0.7290573734029671
1667752548 4.473349420329892 -0.6742389853234934 0.0 0.0 0.0 0.7473854617874727 0.7473854617874727
1667752550 4.445058799678271 -0.8475139216965025 0.0 0.0 0.0 0.7717630720337939 0.7717630720337939
1667752550 4.417900273010479 -0.9279918600687609 0.0 0.0 0.0 0.7971711888836988 0.7971711888836988
1667752552 4.3865446020423615 -1.0187567509747617 0.0 0.0 0.0 0.7736172375845297 0.7736172375845297
1667752553 4.384681804376189 -1.0351163931776668 0.0 0.0 0.0 0.7281530429860252 0.7281530429860252
1667752553 4.385644435437365 -1.0497748117778483 0.0 0.0 0.0 0.7107567462476546 0.7107567462476546
1667752555 4.37244013720463 -1.1988837947214204 0.0 0.0 0.0 0.6919315660042903 0.6919315660042903
1667752555 4.388171766249516 -1.2617557642741042 0.0 0.0 0.0 0.6846261336640975 0.6846261336640975
1667752556 4.400020542655243 -1.4063831724141678 0.0 0.0 0.0 0.6863514195853917 0.6863514195853917
1667752558 4.395859463030977 -1.4203040191499767 0.0 0.0 0.0 0.7398829774705503 0.7398829774705503
1667752558 4.372039140064611 -1.4890792012796303 0.0 0.0 0.0 0.7458300607406246 0.7458300607406246
1667752559 4.363403786614764 -1.6055305378338847 0.0 0.0 0.0 0.753080935605002 0.753080935605002
1667752561 4.324549252308826 -1.757649164622982 0.0 0.0 0.0 0.7606761349078318 0.7606761349078318
1667752561 4.327330928637685 -1.7986377087418999 0.0 0.0 0.0 0.7352650116627758 0.7352650116627758
1667752561 4.327330928637685 -1.7986377087418999 0.0 0.0 0.0 0.7352650116627758 0.7352650116627758
1667752561 4.327330928637685 -1.7986377087418999 0.0 0.0 0.0 0.7352650116627758 0.7352650116627758
1667752564 4.3027023878367086 -2.007192115667908 0.0 0.0 0.0 0.7374969231764285 0.7374969231764285
1667752564 4.3027023878367086 -2.007192115667908 0.0 0.0 0.0 0.7374969231764285 0.7374969231764285
1667752564 4.3027023878367086 -2.007192115667908 0.0 0.0 0.0 0.7374969231764285 0.7374969231764285
1667752567 4.279233028605456 -2.2102293124714074 0.0 0.0 0.0 0.7375435294596743 0.7375435294596743
1667752567 4.279233028605456 -2.2102293124714074 0.0 0.0 0.0 0.7375435294596743 0.7375435294596743
1667752569 4.252210112838785 -2.4118129337559693 0.0 0.0 0.0 0.741602445491416 0.741602445491416
1667752570 4.239288107122117 -2.5474782728996415 0.0 0.0 0.0 0.7345137562804934 0.7345137562804934
1667752570 4.239288107122117 -2.5474782728996415 0.0 0.0 0.0 0.7345137562804934 0.7345137562804934
1667752572 4.239334521858453 -2.7220811408008325 0.0 0.0 0.0 0.7179248629357708 0.7179248629357708
1667752573 4.226093600066832 -2.7198124009064424 0.0 0.0 0.0 0.7010569342821319 0.7010569342821319
1667752573 4.226093600066832 -2.7198124009064424 0.0 0.0 0.0 0.7010569342821319 0.7010569342821319
1667752575 4.231543221966273 -2.920853170731799 0.0 0.0 0.0 0.6973481921632401 0.6973481921632401
1667752576 4.228259586542989 -3.128440979457478 0.0 0.0 0.0 0.6966599052784376 0.6966599052784376
1667752576 4.228259586542989 -3.128440979457478 0.0 0.0 0.0 0.6966599052784376 0.6966599052784376
1667752578 4.222433807309697 -3.3317245057949423 0.0 0.0 0.0 0.6942640999153792 0.6942640999153792
1667752579 4.219138595295463 -3.542756402280378 0.0 0.0 0.0 0.6948493070496072 0.6948493070496072
1667752579 4.219138595295463 -3.542756402280378 0.0 0.0 0.0 0.6948493070496072 0.6948493070496072
1667752581 4.227973500528221 -3.7528747871447017 0.0 0.0 0.0 0.691648014682602 0.691648014682602
1667752582 4.234039956047816 -3.961499838371305 0.0 0.0 0.0 0.6904736641657945 0.6904736641657945
1667752582 4.234039956047816 -3.961499838371305 0.0 0.0 0.0 0.6904736641657945 0.6904736641657945
1667752584 4.234603542593726 -4.2772476427740465 0.0 0.0 0.0 0.6874063915813493 0.6874063915813493
1667752584 4.234603542593726 -4.2772476427740465 0.0 0.0 0.0 0.6874063915813493 0.6874063915813493
1667752586 4.23855617870565 -4.486345611357114 0.0 0.0 0.0 0.6864820109029461 0.6864820109029461
1667752588 4.246800685522097 -4.723573996273791 0.0 0.0 0.0 0.714026250408011 0.714026250408011
1667752588 4.2510342058558255 -4.748992261392116 0.0 0.0 0.0 0.7292111182535927 0.7292111182535927
1667752589 4.22506798363155 -4.95409216290326 0.0 0.0 0.0 0.7302868930541881 0.7302868930541881
1667752589 4.22506798363155 -4.95409216290326 0.0 0.0 0.0 0.7302868930541881 0.7302868930541881
1667752591 4.201279119726595 -5.164212860421316 0.0 0.0 0.0 0.7292005055311241 0.7292005055311241
1667752592 4.185443726675663 -5.375118885019516 0.0 0.0 0.0 0.7298776924531499 0.7298776924531499
1667752592 4.185443726675663 -5.375118885019516 0.0 0.0 0.0 0.7298776924531499 0.7298776924531499
1667752595 4.166834680316084 -5.668987775503383 0.0 0.0 0.0 0.7166082159352861 0.7166082159352861
1667752596 4.165320849281491 -5.797278250882984 0.0 0.0 0.0 0.7093440753003097 0.7093440753003097
1667752596 4.167544102718312 -5.87659123431485 0.0 0.0 0.0 0.6616870254546622 0.6616870254546622
1667752596 4.167544102718312 -5.87659123431485 0.0 0.0 0.0 0.6616870254546622 0.6616870254546622
1667752599 4.196099884027223 -6.156069452510227 0.0 0.0 0.0 0.6688879479448904 0.6688879479448904
1667752599 4.202261846499051 -6.176475580868462 0.0 0.0 0.0 0.6927674166598614 0.6927674166598614
1667752600 4.192911757439229 -6.297030738039181 0.0 0.0 0.0 0.7020426529228507 0.7020426529228507
1667752601 4.1980412908050235 -6.51006529256988 0.0 0.0 0.0 0.7013556858083039 0.7013556858083039
1667752601 4.1980412908050235 -6.51006529256988 0.0 0.0 0.0 0.7013556858083039 0.7013556858083039
1667752603 4.1981539602573 -6.718668405434996 0.0 0.0 0.0 0.7020402444631302 0.7020402444631302
1667752604 4.188192125760114 -6.923861250464034 0.0 0.0 0.0 0.7037050222528969 0.7037050222528969
1667752604 4.188192125760114 -6.923861250464034 0.0 0.0 0.0 0.7037050222528969 0.7037050222528969
1667752606 4.181431036828404 -7.12522423119242 0.0 0.0 0.0 0.7051897323580028 0.7051897323580028
1667752607 4.193927148052667 -7.3447260407313735 0.0 0.0 0.0 0.7075062254949323 0.7075062254949323
1667752607 4.193927148052667 -7.3447260407313735 0.0 0.0 0.0 0.7075062254949323 0.7075062254949323
1667752609 4.172117335001434 -7.554834879699999 0.0 0.0 0.0 0.7082179327008283 0.7082179327008283
1667752610 4.156419848572571 -7.762369508404558 0.0 0.0 0.0 0.7092610595646309 0.7092610595646309
1667752611 4.1515549862888275 -7.964656933237033 0.0 0.0 0.0 0.7083651348529915 0.7083651348529915
1667752611 4.1515549862888275 -7.964656933237033 0.0 0.0 0.0 0.7083651348529915 0.7083651348529915
1667752613 4.147978654985519 -8.167167862013278 0.0 0.0 0.0 0.7137397309589023 0.7137397309589023
1667752614 4.133572354187345 -8.369200265031974 0.0 0.0 0.0 0.7116633537898234 0.7116633537898234
1667752614 4.133572354187345 -8.369200265031974 0.0 0.0 0.0 0.7116633537898234 0.7116633537898234
1667752616 4.126822583657663 -8.576080216795864 0.0 0.0 0.0 0.7136775682714188 0.7136775682714188
1667752617 4.122572826838013 -8.782697942265097 0.0 0.0 0.0 0.7113774836049728 0.7113774836049728
1667752618 4.108478669620899 -8.98877629847439 0.0 0.0 0.0 0.7117046366923317 0.7117046366923317
1667752618 4.108478669620899 -8.98877629847439 0.0 0.0 0.0 0.7117046366923317 0.7117046366923317
1667752620 4.113647429911425 -9.286388602008685 0.0 0.0 0.0 0.7184613563376487 0.7184613563376487
1667752621 4.0875348154370545 -9.35560523578624 0.0 0.0 0.0 0.7102339368894866 0.7102339368894866
1667752622 4.1023339282153035 -9.46207059428195 0.0 0.0 0.0 0.7166686577587553 0.7166686577587553
1667752623 4.088182731658615 -9.673091054562516 0.0 0.0 0.0 0.7180112117348878 0.7180112117348878
1667752624 4.067828861422901 -9.881581463588132 0.0 0.0 0.0 0.7195646806696718 0.7195646806696718
1667752624 4.067828861422901 -9.881581463588132 0.0 0.0 0.0 0.7195646806696718 0.7195646806696718
1667752627 4.041439406428523 -10.178089334654304 0.0 0.0 0.0 0.7360245561255051 0.7360245561255051
1667752628 4.038581314839153 -10.210476537674248 0.0 0.0 0.0 0.8152204869359627 0.8152204869359627
1667752628 4.017595176207971 -10.23537617176967 0.0 0.0 0.0 0.8797994113282366 0.8797994113282366
1667752630 3.9676519726409207 -10.28611716289776 0.0 0.0 0.0 0.9292536052187655 0.9292536052187655
1667752630 3.9628990151197856 -10.302700422853759 0.0 0.0 0.0 0.9597959426128563 0.9597959426128563
1667752631 3.9456899286578286 -10.313603751986742 0.0 0.0 0.0 0.985075963981625 0.985075963981625
1667752632 3.9214192251668534 -10.319500836892194 0.0 0.0 0.0 0.9967449731230436 0.9967449731230436
1667752633 3.9066909881052903 -10.324385499860625 0.0 0.0 0.0 0.9999959472973257 0.9999959472973257
1667752634 3.7842380508861857 -10.318937617827403 0.0 0.0 0.0 0.9986626183260635 0.9986626183260635
1667752636 3.685452301732274 -10.304882767453888 0.0 0.0 0.0 0.9963275030215395 0.9963275030215395
1667752636 3.689998625491148 -10.305108844403616 0.0 0.0 0.0 0.9982132063187575 0.9982132063187575
1667752637 3.6878144237956803 -10.301492924242051 0.0 0.0 0.0 0.9987131761431922 0.9987131761431922
1667752637 3.6878144237956803 -10.301492924242051 0.0 0.0 0.0 0.9987131761431922 0.9987131761431922
1667752639 3.4691352801656707 -10.271603675026704 0.0 0.0 0.0 0.9997638570338613 0.9997638570338613
1667752641 3.3688448410791505 -10.263306828167838 0.0 0.0 0.0 0.9999228315186859 0.9999228315186859
1667752641 3.3688448410791505 -10.263306828167838 0.0 0.0 0.0 0.9999228315186859 0.9999228315186859
1667752642 3.155777321133195 -10.25497132466504 0.0 0.0 0.0 0.9999574452260994 0.9999574452260994
1667752643 3.0338302170762894 -10.249746476817968 0.0 0.0 0.0 0.9999999321014728 0.9999999321014728
1667752643 3.0338302170762894 -10.249746476817968 0.0 0.0 0.0 0.9999999321014728 0.9999999321014728
1667752645 2.8288898311114323 -10.238653497692562 0.0 0.0 0.0 0.9999782571412746 0.9999782571412746
1667752646 2.624317600085238 -10.246141678704763 0.0 0.0 0.0 0.999997351279907 0.999997351279907
1667752647 2.5861712926618514 -10.247237760121873 0.0 0.0 0.0 0.9999382461730556 0.9999382461730556
1667752648 2.3852440544536586 -10.234440481247086 0.0 0.0 0.0 0.9998974222420162 0.9998974222420162
1667752648 2.3852440544536586 -10.234440481247086 0.0 0.0 0.0 0.9998974222420162 0.9998974222420162
1667752650 2.1789375973659255 -10.250193149033734 0.0 0.0 0.0 0.9998716818644618 0.9998716818644618
1667752651 1.9700152267796538 -10.255120549894096 0.0 0.0 0.0 0.9998013722140704 0.9998013722140704
1667752651 1.9700152267796538 -10.255120549894096 0.0 0.0 0.0 0.9998013722140704 0.9998013722140704
1667752653 1.7681574686218533 -10.253758111722462 0.0 0.0 0.0 0.9998702202836668 0.9998702202836668
1667752655 1.5001422756221592 -10.260197614865605 0.0 0.0 0.0 0.9996912468047344 0.9996912468047344
1667752655 1.5001422756221592 -10.260197614865605 0.0 0.0 0.0 0.9996912468047344 0.9996912468047344
1667752656 1.2923669179257185 -10.2595705038229 0.0 0.0 0.0 0.9997279890765375 0.9997279890765375
1667752657 1.1585438475297984 -10.264842043157547 0.0 0.0 0.0 0.9999394251641845 0.9999394251641845
1667752657 1.1585438475297984 -10.264842043157547 0.0 0.0 0.0 0.9999394251641845 0.9999394251641845
1667752659 0.9500788821551153 -10.251073449967432 0.0 0.0 0.0 0.9998909388548183 0.9998909388548183
1667752660 0.7514048757710996 -10.236872451536682 0.0 0.0 0.0 0.9997191792236761 0.9997191792236761
1667752660 0.7514048757710996 -10.236872451536682 0.0 0.0 0.0 0.9997191792236761 0.9997191792236761
1667752662 0.5075759672442316 -10.2119056931895 0.0 0.0 0.0 0.9996602273929234 0.9996602273929234
1667752663 0.3067721247662177 -10.200041951275441 0.0 0.0 0.0 0.9995645729864309 0.9995645729864309
1667752663 0.3067721247662177 -10.200041951275441 0.0 0.0 0.0 0.9995645729864309 0.9995645729864309
1667752665 0.10287578932030526 -10.18010555317732 0.0 0.0 0.0 0.9995538589864802 0.9995538589864802
1667752666 -0.11237115773066263 -10.15608266041426 0.0 0.0 0.0 0.9993230289926988 0.9993230289926988
1667752668 -0.3062036335997722 -10.127988007734332 0.0 0.0 0.0 0.994713225463427 0.994713225463427
1667752669 -0.3283047778432982 -10.120685536616532 0.0 0.0 0.0 0.9726599454248789 0.9726599454248789
1667752670 -0.4269581883079621 -10.034324780898134 0.0 0.0 0.0 0.9569976634012407 0.9569976634012407
1667752671 -0.47529492767856524 -9.991431176051558 0.0 0.0 0.0 0.9036595901187798 0.9036595901187798
1667752672 -0.4782175124205543 -9.983810662563258 0.0 0.0 0.0 0.8421880765337572 0.8421880765337572
1667752673 -0.49969753915571047 -9.949583586019303 0.0 0.0 0.0 0.7589248598142667 0.7589248598142667
1667752673 -0.5089284460764582 -9.917654943445031 0.0 0.0 0.0 0.6908773633586899 0.6908773633586899
1667752675 -0.49625973695124764 -9.866497405899482 0.0 0.0 0.0 0.6881606121764542 0.6881606121764542
1667752675 -0.4916667232317642 -9.869979747578826 0.0 0.0 0.0 0.6957801441338656 0.6957801441338656
1667752676 -0.4924331166215575 -9.744800048985422 0.0 0.0 0.0 0.7025051162224796 0.7025051162224796
1667752676 -0.4924331166215575 -9.744800048985422 0.0 0.0 0.0 0.7025051162224796 0.7025051162224796
1667752676 -0.4924331166215575 -9.744800048985422 0.0 0.0 0.0 0.7025051162224796 0.7025051162224796
1667752679 -0.47828567269663813 -9.53892484286082 0.0 0.0 0.0 0.7004195948228119 0.7004195948228119
1667752680 -0.4744468100632636 -9.33508013077535 0.0 0.0 0.0 0.7041999280075466 0.7041999280075466
1667752682 -0.4668815402540952 -9.170587685455553 0.0 0.0 0.0 0.7047822673705102 0.7047822673705102
1667752682 -0.4668815402540952 -9.170587685455553 0.0 0.0 0.0 0.7047822673705102 0.7047822673705102
1667752683 -0.4588628516278532 -8.966635643654383 0.0 0.0 0.0 0.7016965840332653 0.7016965840332653
1667752683 -0.4588628516278532 -8.966635643654383 0.0 0.0 0.0 0.7016965840332653 0.7016965840332653
1667752685 -0.452258658002318 -8.714695361255139 0.0 0.0 0.0 0.7048899977975994 0.7048899977975994
1667752685 -0.452258658002318 -8.714695361255139 0.0 0.0 0.0 0.7048899977975994 0.7048899977975994
1667752687 -0.4489787500518931 -8.506134785073106 0.0 0.0 0.0 0.7041753970111158 0.7041753970111158
1667752688 -0.440968755656973 -8.296878707198879 0.0 0.0 0.0 0.6996887981148311 0.6996887981148311
1667752689 -0.44216743897167604 -8.189639135940986 0.0 0.0 0.0 0.6989662036739112 0.6989662036739112
1667752690 -0.4280359055557625 -8.0747895853734 0.0 0.0 0.0 0.7053648813316811 0.7053648813316811
1667752691 -0.43422325786821436 -7.890449534071639 0.0 0.0 0.0 0.7053268089430523 0.7053268089430523
1667752692 -0.4218208749236747 -7.741320937155649 0.0 0.0 0.0 0.6980509392880745 0.6980509392880745
1667752692 -0.4218208749236747 -7.741320937155649 0.0 0.0 0.0 0.6980509392880745 0.6980509392880745
1667752694 -0.40700510841889215 -7.536843541551391 0.0 0.0 0.0 0.7007547777865001 0.7007547777865001
1667752695 -0.4013101534363587 -7.322737693183358 0.0 0.0 0.0 0.7023463164728265 0.7023463164728265
1667752695 -0.4013101534363587 -7.322737693183358 0.0 0.0 0.0 0.7023463164728265 0.7023463164728265
1667752697 -0.3835290950275183 -7.117073271914564 0.0 0.0 0.0 0.6983817640258223 0.6983817640258223
1667752698 -0.3839100756587833 -6.915460457696117 0.0 0.0 0.0 0.6997376312247328 0.6997376312247328
1667752699 -0.38892275094356815 -6.710907782228769 0.0 0.0 0.0 0.6981195325813652 0.6981195325813652
1667752699 -0.38892275094356815 -6.710907782228769 0.0 0.0 0.0 0.6981195325813652 0.6981195325813652
1667752701 -0.36481573468769135 -6.4975528623747785 0.0 0.0 0.0 0.7000226470700555 0.7000226470700555
1667752702 -0.35184989072732903 -6.28508683113158 0.0 0.0 0.0 0.6999843415903502 0.6999843415903502
1667752704 -0.33428317383282224 -6.078299258484823 0.0 0.0 0.0 0.6987012972109728 0.6987012972109728
1667752704 -0.33428317383282224 -6.078299258484823 0.0 0.0 0.0 0.6987012972109728 0.6987012972109728
1667752705 -0.33595704476382793 -5.873292350878421 0.0 0.0 0.0 0.6992496419474225 0.6992496419474225
1667752706 -0.3287210980720682 -5.663622077606208 0.0 0.0 0.0 0.6951251220625326 0.6951251220625326
1667752706 -0.3287210980720682 -5.663622077606208 0.0 0.0 0.0 0.6951251220625326 0.6951251220625326
1667752708 -0.31230784978661474 -5.4138971906189415 0.0 0.0 0.0 0.7180187879414044 0.7180187879414044
1667752709 -0.3242729834824694 -5.282704492543165 0.0 0.0 0.0 0.7180794244907786 0.7180794244907786
1667752709 -0.3242729834824694 -5.282704492543165 0.0 0.0 0.0 0.7180794244907786 0.7180794244907786
1667752711 -0.3243410991687917 -5.0732088999521805 0.0 0.0 0.0 0.7212408853681869 0.7212408853681869
1667752712 -0.33575149677703076 -4.868576974101076 0.0 0.0 0.0 0.7204752617793064 0.7204752617793064
1667752714 -0.33110169080621155 -4.66887059289065 0.0 0.0 0.0 0.7030314920302334 0.7030314920302334
1667752714 -0.318105209123448 -4.621728683731474 0.0 0.0 0.0 0.6798042727732632 0.6798042727732632
1667752714 -0.318105209123448 -4.621728683731474 0.0 0.0 0.0 0.6798042727732632 0.6798042727732632
1667752717 -0.2902166823658626 -4.32966078455776 0.0 0.0 0.0 0.7014332849942451 0.7014332849942451
1667752717 -0.30164910176098764 -4.266939061936723 0.0 0.0 0.0 0.7102737395599653 0.7102737395599653
1667752718 -0.2960541138703057 -4.065887887298628 0.0 0.0 0.0 0.7073380838220913 0.7073380838220913
1667752718 -0.2960541138703057 -4.065887887298628 0.0 0.0 0.0 0.7073380838220913 0.7073380838220913
1667752720 -0.28090603360808375 -3.8641777125931185 0.0 0.0 0.0 0.706964842982741 0.706964842982741
1667752721 -0.2724562286358291 -3.6553357215267 0.0 0.0 0.0 0.7035077889281469 0.7035077889281469
1667752721 -0.2724562286358291 -3.6553357215267 0.0 0.0 0.0 0.7035077889281469 0.7035077889281469
1667752723 -0.2715749410764291 -3.4431620524492095 0.0 0.0 0.0 0.704758204673205 0.704758204673205
1667752724 -0.2706664802393453 -3.2377031707108093 0.0 0.0 0.0 0.7069300104261176 0.7069300104261176
1667752726 -0.2580835164814271 -3.032311443759369 0.0 0.0 0.0 0.7104024072323244 0.7104024072323244
1667752726 -0.2557004837167627 -3.0024880521291344 0.0 0.0 0.0 0.7038744531910682 0.7038744531910682
1667752727 -0.24991076325867972 -2.7994354099705263 0.0 0.0 0.0 0.7080513175920539 0.7080513175920539
1667752729 -0.2497725140088408 -2.5978971750684665 0.0 0.0 0.0 0.6994498552676204 0.6994498552676204
1667752729 -0.2497725140088408 -2.5978971750684665 0.0 0.0 0.0 0.6994498552676204 0.6994498552676204
1667752730 -0.23749726057481593 -2.381342990972749 0.0 0.0 0.0 0.7004374259481643 0.7004374259481643
1667752732 -0.2401456213293175 -2.1808471945183023 0.0 0.0 0.0 0.6997224132480016 0.6997224132480016
1667752732 -0.2401456213293175 -2.1808471945183023 0.0 0.0 0.0 0.6997224132480016 0.6997224132480016
1667752733 -0.22185473118161952 -1.9715763096108052 0.0 0.0 0.0 0.6996944643562852 0.6996944643562852
1667752734 -0.2211039485611013 -1.7702205206505905 0.0 0.0 0.0 0.6966178282624994 0.6966178282624994
1667752734 -0.2211039485611013 -1.7702205206505905 0.0 0.0 0.0 0.6966178282624994 0.6966178282624994
1667752736 -0.20824679603065632 -1.5607933307590875 0.0 0.0 0.0 0.6941908803627701 0.6941908803627701
1667752737 -0.20075648699360363 -1.4001385217829527 0.0 0.0 0.0 0.6961290840007236 0.6961290840007236
1667752738 -0.17842791967745614 -1.2275138326021984 0.0 0.0 0.0 0.6884798340749256 0.6884798340749256
1667752739 -0.16404597603797608 -1.0231014466533384 0.0 0.0 0.0 0.6905643088110591 0.6905643088110591
1667752739 -0.16404597603797608 -1.0231014466533384 0.0 0.0 0.0 0.6905643088110591 0.6905643088110591
1667752741 -0.1491528933668434 -0.808873609411925 0.0 0.0 0.0 0.6949897864857624 0.6949897864857624
1667752742 -0.1343201806776165 -0.6901392430404965 0.0 0.0 0.0 0.7020804099747419 0.7020804099747419
1667752744 -0.13797516969343673 -0.4283394065318628 0.0 0.0 0.0 0.70652921609741 0.70652921609741
1667752744 -0.13147449202355535 -0.4031609579035539 0.0 0.0 0.0 0.6997787918150571 0.6997787918150571
1667752745 -0.1259257185076013 -0.21951071888979753 0.0 0.0 0.0 0.7064841209065541 0.7064841209065541
1667752745 -0.1259257185076013 -0.21951071888979753 0.0 0.0 0.0 0.7064841209065541 0.7064841209065541
