1667747000 0.0006725465884620556 -0.004148742179863456 0.0 0.0 0.0 0.0011745055769576001 0.0011745055769576001
1667747000 0.0006725465884620556 -0.004148742179863456 0.0 0.0 0.0 0.0011745055769576001 0.0011745055769576001
1667747002 0.10554604860605322 -0.027263669633876664 0.0 0.0 0.0 0.01619941175274007 0.01619941175274007
1667747003 0.19997813003465598 -0.03759512315815623 0.0 0.0 0.0 3.4562498538188297e-05 3.4562498538188297e-05
1667747003 0.19997813003465598 -0.03759512315815623 0.0 0.0 0.0 3.4562498538188297e-05 3.4562498538188297e-05
1667747005 0.38313835063300844 -0.04408643374926568 0.0 0.0 0.0 0.0007171461020995606 0.0007171461020995606
1667747006 0.5355755115330305 -0.040102858953183274 0.0 0.0 0.0 8.23904563390732e-05 8.23904563390732e-05
1667747006 0.5355755115330305 -0.040102858953183274 0.0 0.0 0.0 8.23904563390732e-05 8.23904563390732e-05
1667747008 0.7444228328201867 -0.03752967320705977 0.0 0.0 0.0 0.003616630792772661 0.003616630792772661
1667747009 0.9519210807500248 -0.01873264136899873 0.0 0.0 0.0 0.0032734412463864557 0.0032734412463864557
1667747009 0.9519210807500248 -0.01873264136899873 0.0 0.0 0.0 0.0032734412463864557 0.0032734412463864557
1667747011 1.1584660999112313 -0.04547218487815809 0.0 0.0 0.0 0.0006025884797574276 0.0006025884797574276
1667747011 1.1584660999112313 -0.04547218487815809 0.0 0.0 0.0 0.0006025884797574276 0.0006025884797574276
1667747013 1.3774792211643212 -0.04823513958402302 0.0 0.0 0.0 -0.00042069034362163867 -0.00042069034362163867
1667747014 1.585443217762301 -0.05821729067879894 0.0 0.0 0.0 -0.004523465624929396 -0.004523465624929396
1667747015 1.7459163135389955 -0.06108631195607938 0.0 0.0 0.0 -0.07941139784194484 -0.07941139784194484
1667747016 1.7703066146425817 -0.07534304783903135 0.0 0.0 0.0 -0.14682071646834285 -0.14682071646834285
1667747017 1.865789857549299 -0.10214909592137565 0.0 0.0 0.0 -0.18788057791625806 -0.18788057791625806
1667747018 1.8513095489669342 -0.10466712371539375 0.0 0.0 0.0 -0.1602395366270902 -0.1602395366270902
1667747019 1.8493285348573032 -0.10324013610395533 0.0 0.0 0.0 -0.12606812564197845 -0.12606812564197845
1667747020 1.856460849165802 -0.10983665142485816 0.0 0.0 0.0 -0.09297976428574245 -0.09297976428574245
1667747021 1.8814863906921973 -0.11857416231109112 0.0 0.0 0.0 -0.08425834529821567 -0.08425834529821567
1667747022 1.8801833868704603 -0.10593775764386655 0.0 0.0 0.0 -0.04973336742340211 -0.04973336742340211
1667747023 1.894769823663064 -0.11541660335354041 0.0 0.0 0.0 -0.037932700646285795 -0.037932700646285795
1667747024 2.022198606910008 -0.12222376335239223 0.0 0.0 0.0 -0.0026625490697370687 -0.0026625490697370687
1667747025 2.113093467698798 -0.11801669951075026 0.0 0.0 0.0 0.00683141867745895 0.00683141867745895
1667747026 2.2428310999764536 -0.11721449782703101 0.0 0.0 0.0 0.01749112881621216 0.01749112881621216
1667747027 2.313089690515632 -0.11857029776561338 0.0 0.0 0.0 0.030304043995703876 0.030304043995703876
1667747028 2.482157198104052 -0.10794420581297216 0.0 0.0 0.0 0.04171281100018508 0.04171281100018508
1667747029 2.573250552577584 -0.10246512392179716 0.0 0.0 0.0 0.05173538522002885 0.05173538522002885
1667747029 2.573250552577584 -0.10246512392179716 0.0 0.0 0.0 0.05173538522002885 0.05173538522002885
1667747031 2.7710807389037133 -0.08347320164835018 0.0 0.0 0.0 0.06216976890779484 0.06216976890779484
1667747032 2.9183723652217255 -0.08109302029195356 0.0 0.0 0.0 -0.05572102637097612 -0.05572102637097612
1667747033 2.996148094874905 -0.09161433101241277 0.0 0.0 0.0 -0.0946713530102282 -0.0946713530102282
1667747034 3.0793774609710267 -0.10806442653755793 0.0 0.0 0.0 -0.10145944846853226 -0.10145944846853226
1667747035 3.0830777670404843 -0.10911741344117706 0.0 0.0 0.0 -0.0831425704193697 -0.0831425704193697
1667747036 3.0854890807614543 -0.10619892631042356 0.0 0.0 0.0 -0.04727164096052681 -0.04727164096052681
1667747037 3.08391769970445 -0.1065554433361983 0.0 0.0 0.0 -0.020295464010929826 -0.020295464010929826
1667747037 3.08391769970445 -0.1065554433361983 0.0 0.0 0.0 -0.020295464010929826 -0.020295464010929826
1667747037 3.08391769970445 -0.1065554433361983 0.0 0.0 0.0 -0.020295464010929826 -0.020295464010929826
1667747040 3.285316158876807 -0.1305673190934592 0.0 0.0 0.0 -0.026221972642010257 -0.026221972642010257
1667747040 3.285316158876807 -0.1305673190934592 0.0 0.0 0.0 -0.026221972642010257 -0.026221972642010257
1667747042 3.4985791478474537 -0.14722189720408055 0.0 0.0 0.0 -0.022688642471284447 -0.022688642471284447
1667747042 3.4985791478474537 -0.14722189720408055 0.0 0.0 0.0 -0.022688642471284447 -0.022688642471284447
1667747044 3.708109731446457 -0.15699246139772835 0.0 0.0 0.0 -0.018652398220748077 -0.018652398220748077
1667747044 3.708109731446457 -0.15699246139772835 0.0 0.0 0.0 -0.018652398220748077 -0.018652398220748077
1667747046 3.9193503867762947 -0.16869986243755727 0.0 0.0 0.0 -0.0191315724405079 -0.0191315724405079
1667747046 3.9193503867762947 -0.16869986243755727 0.0 0.0 0.0 -0.0191315724405079 -0.0191315724405079
1667747048 4.120595012887907 -0.1910902630006255 0.0 0.0 0.0 -0.023173229719067028 -0.023173229719067028
1667747049 4.325628609412559 -0.20117489818492007 0.0 0.0 0.0 -0.024443546553973173 -0.024443546553973173
1667747049 4.325628609412559 -0.20117489818492007 0.0 0.0 0.0 -0.024443546553973173 -0.024443546553973173
1667747049 4.325628609412559 -0.20117489818492007 0.0 0.0 0.0 -0.024443546553973173 -0.024443546553973173
1667747049 4.325628609412559 -0.20117489818492007 0.0 0.0 0.0 -0.024443546553973173 -0.024443546553973173
1667747053 4.486027834069447 -0.2172562841449411 0.0 0.0 0.0 -0.11825390372504238 -0.11825390372504238
1667747054 4.514385076663053 -0.23309583736530703 0.0 0.0 0.0 -0.20481034202489296 -0.20481034202489296
1667747055 4.529303669192547 -0.24203593722623087 0.0 0.0 0.0 -0.28368820584615995 -0.28368820584615995
1667747056 4.535431498872461 -0.26296276207440183 0.0 0.0 0.0 -0.3688204057753631 -0.3688204057753631
1667747057 4.542112269807579 -0.2885248367756166 0.0 0.0 0.0 -0.4740391692088306 -0.4740391692088306
1667747058 4.557970168639821 -0.30998929401788755 0.0 0.0 0.0 -0.5643576496593495 -0.5643576496593495
1667747059 4.559666052635064 -0.3258418098968492 0.0 0.0 0.0 -0.6380527494611088 -0.6380527494611088
1667747061 4.554412483965563 -0.33208460229234515 0.0 0.0 0.0 -0.7055840887867658 -0.7055840887867658
1667747061 4.5555823327411975 -0.378863691091517 0.0 0.0 0.0 -0.7355033053704234 -0.7355033053704234
1667747062 4.540932900090257 -0.49959657099531063 0.0 0.0 0.0 -0.7727606455490638 -0.7727606455490638
1667747063 4.50960299133801 -0.6174824194230683 0.0 0.0 0.0 -0.7934328029858414 -0.7934328029858414
1667747064 4.461201824616518 -0.7416639163101099 0.0 0.0 0.0 -0.829258255319889 -0.829258255319889
1667747065 4.421117599779459 -0.8421746153034766 0.0 0.0 0.0 -0.8285945316276883 -0.8285945316276883
1667747066 4.41939094473069 -0.849975234483541 0.0 0.0 0.0 -0.7877319227776534 -0.7877319227776534
1667747067 4.409125570548782 -0.8796700419234902 0.0 0.0 0.0 -0.7527523589273104 -0.7527523589273104
1667747068 4.40448462077243 -0.9076377217517654 0.0 0.0 0.0 -0.7301445985010304 -0.7301445985010304
1667747069 4.409530323761824 -0.9366455123922665 0.0 0.0 0.0 -0.7115552694564555 -0.7115552694564555
1667747070 4.397388235343018 -1.038927894251504 0.0 0.0 0.0 -0.7051393521603107 -0.7051393521603107
1667747071 4.404186377415302 -1.1475891146152644 0.0 0.0 0.0 -0.6915997535254675 -0.6915997535254675
1667747072 4.400983112338295 -1.1999849078347817 0.0 0.0 0.0 -0.683688221807818 -0.683688221807818
1667747074 4.4158343597095095 -1.4149550977453824 0.0 0.0 0.0 -0.6692035854209505 -0.6692035854209505
1667747075 4.426406109581381 -1.4905713016936701 0.0 0.0 0.0 -0.7112440215300607 -0.7112440215300607
1667747075 4.428943180428262 -1.4851671768554378 0.0 0.0 0.0 -0.7445264946428446 -0.7445264946428446
1667747077 4.396718790462891 -1.6385061300288266 0.0 0.0 0.0 -0.7637226042657641 -0.7637226042657641
1667747077 4.384162121935074 -1.7091846312412142 0.0 0.0 0.0 -0.7775032580249817 -0.7775032580249817
1667747079 4.379379808248175 -1.747709403072487 0.0 0.0 0.0 -0.7584999461570476 -0.7584999461570476
1667747079 4.379379808248175 -1.747709403072487 0.0 0.0 0.0 -0.7584999461570476 -0.7584999461570476
1667747079 4.379379808248175 -1.747709403072487 0.0 0.0 0.0 -0.7584999461570476 -0.7584999461570476
1667747079 4.379379808248175 -1.747709403072487 0.0 0.0 0.0 -0.7584999461570476 -0.7584999461570476
1667747082 4.360390654973571 -1.8390289162591487 0.0 0.0 0.0 -0.7297155338093169 -0.7297155338093169
1667747082 4.360390654973571 -1.8390289162591487 0.0 0.0 0.0 -0.7297155338093169 -0.7297155338093169
1667747084 4.3545623875882615 -1.9012022139950522 0.0 0.0 0.0 -0.7057086934579982 -0.7057086934579982
1667747085 4.345232849920086 -1.9130157475518892 0.0 0.0 0.0 -0.6980971423499089 -0.6980971423499089
1667747086 4.348152663300639 -2.040041192301803 0.0 0.0 0.0 -0.6909819449872455 -0.6909819449872455
1667747086 4.348152663300639 -2.040041192301803 0.0 0.0 0.0 -0.6909819449872455 -0.6909819449872455
1667747088 4.357909045778398 -2.24379446280508 0.0 0.0 0.0 -0.6847395541440306 -0.6847395541440306
1667747088 4.357909045778398 -2.24379446280508 0.0 0.0 0.0 -0.6847395541440306 -0.6847395541440306
1667747090 4.360228725395273 -2.4477570354891647 0.0 0.0 0.0 -0.6822248148967545 -0.6822248148967545
1667747092 4.363754360431901 -2.61341957902313 0.0 0.0 0.0 -0.7136525202379742 -0.7136525202379742
1667747092 4.36248727081034 -2.628496916412592 0.0 0.0 0.0 -0.7228633518706941 -0.7228633518706941
1667747093 4.352725005602265 -2.714413257952179 0.0 0.0 0.0 -0.7295513267986969 -0.7295513267986969
1667747093 4.352725005602265 -2.714413257952179 0.0 0.0 0.0 -0.7295513267986969 -0.7295513267986969
1667747095 4.352674551175415 -2.915311331537785 0.0 0.0 0.0 -0.7249600069142627 -0.7249600069142627
1667747096 4.324260224947302 -3.124444504413071 0.0 0.0 0.0 -0.7254394361228488 -0.7254394361228488
1667747096 4.324260224947302 -3.124444504413071 0.0 0.0 0.0 -0.7254394361228488 -0.7254394361228488
1667747098 4.305146015942901 -3.3246459475759065 0.0 0.0 0.0 -0.7260387528043172 -0.7260387528043172
1667747098 4.305146015942901 -3.3246459475759065 0.0 0.0 0.0 -0.7260387528043172 -0.7260387528043172
1667747100 4.29310042649051 -3.549365445192443 0.0 0.0 0.0 -0.7070398262879323 -0.7070398262879323
1667747101 4.290929260612569 -3.6344734416564703 0.0 0.0 0.0 -0.6837061010510791 -0.6837061010510791
1667747102 4.29575411965596 -3.655642397450074 0.0 0.0 0.0 -0.6755070627610315 -0.6755070627610315
1667747103 4.295742975891486 -3.864140955111365 0.0 0.0 0.0 -0.6692585900248079 -0.6692585900248079
1667747104 4.308257831862834 -4.021080718065703 0.0 0.0 0.0 -0.6778327241034514 -0.6778327241034514
1667747105 4.306468946952765 -4.081608097444957 0.0 0.0 0.0 -0.7178014112314376 -0.7178014112314376
1667747106 4.305845868550407 -4.097376129347536 0.0 0.0 0.0 -0.7261044738150404 -0.7261044738150404
1667747107 4.29662137507881 -4.297410453287653 0.0 0.0 0.0 -0.7232878790391756 -0.7232878790391756
1667747107 4.29662137507881 -4.297410453287653 0.0 0.0 0.0 -0.7232878790391756 -0.7232878790391756
1667747109 4.286139657286484 -4.507488162199572 0.0 0.0 0.0 -0.7232463950881423 -0.7232463950881423
1667747110 4.2666023313269426 -4.739501074737396 0.0 0.0 0.0 -0.7144230703221731 -0.7144230703221731
1667747111 4.275356099360051 -4.788155549735934 0.0 0.0 0.0 -0.7078415641793225 -0.7078415641793225
1667747112 4.255860130399351 -5.0055869065560605 0.0 0.0 0.0 -0.707741823909202 -0.707741823909202
1667747112 4.255860130399351 -5.0055869065560605 0.0 0.0 0.0 -0.707741823909202 -0.707741823909202
1667747114 4.252644013741929 -5.213267365997377 0.0 0.0 0.0 -0.7042345087554455 -0.7042345087554455
1667747115 4.2586736113326245 -5.421081626162692 0.0 0.0 0.0 -0.7034597272836128 -0.7034597272836128
1667747115 4.2586736113326245 -5.421081626162692 0.0 0.0 0.0 -0.7034597272836128 -0.7034597272836128
1667747117 4.25843077312146 -5.634216374115005 0.0 0.0 0.0 -0.7035242930964356 -0.7035242930964356
1667747118 4.25541951946131 -5.84514171622149 0.0 0.0 0.0 -0.7025038779988783 -0.7025038779988783
1667747118 4.25541951946131 -5.84514171622149 0.0 0.0 0.0 -0.7025038779988783 -0.7025038779988783
1667747120 4.238158571218594 -6.050928408209297 0.0 0.0 0.0 -0.7075075417254045 -0.7075075417254045
1667747121 4.230007108821075 -6.25275829196662 0.0 0.0 0.0 -0.7044572945976313 -0.7044572945976313
1667747122 4.233989630000021 -6.46004443278663 0.0 0.0 0.0 -0.706656783300859 -0.706656783300859
1667747122 4.233989630000021 -6.46004443278663 0.0 0.0 0.0 -0.706656783300859 -0.706656783300859
1667747124 4.225161872817489 -6.670502201482988 0.0 0.0 0.0 -0.7049762983183738 -0.7049762983183738
1667747125 4.23124161162463 -6.8780572725722005 0.0 0.0 0.0 -0.7023864598096812 -0.7023864598096812
1667747125 4.23124161162463 -6.8780572725722005 0.0 0.0 0.0 -0.7023864598096812 -0.7023864598096812
1667747127 4.226361988915114 -7.1375165798053155 0.0 0.0 0.0 -0.7079158776441841 -0.7079158776441841
1667747128 4.238415866971581 -7.342339506158971 0.0 0.0 0.0 -0.7068950963261739 -0.7068950963261739
1667747130 4.225299902822476 -7.479413322724603 0.0 0.0 0.0 -0.7247613842474812 -0.7247613842474812
1667747130 4.225299902822476 -7.479413322724603 0.0 0.0 0.0 -0.7247613842474812 -0.7247613842474812
1667747131 4.214581261340131 -7.6865721030397305 0.0 0.0 0.0 -0.7253173728663432 -0.7253173728663432
1667747132 4.190422525363379 -7.89800122226299 0.0 0.0 0.0 -0.7242597013857679 -0.7242597013857679
1667747133 4.187541110908354 -8.046396285571857 0.0 0.0 0.0 -0.7304411695412308 -0.7304411695412308
1667747133 4.187541110908354 -8.046396285571857 0.0 0.0 0.0 -0.7304411695412308 -0.7304411695412308
1667747135 4.167227477609671 -8.252442739717 0.0 0.0 0.0 -0.7271110837587013 -0.7271110837587013
1667747136 4.158320636670279 -8.43105485387096 0.0 0.0 0.0 -0.7093722251557065 -0.7093722251557065
1667747137 4.146428492074385 -8.544674480637353 0.0 0.0 0.0 -0.7018055946141485 -0.7018055946141485
1667747139 4.157302713466525 -8.752459589935995 0.0 0.0 0.0 -0.7035918728458763 -0.7035918728458763
1667747139 4.157302713466525 -8.752459589935995 0.0 0.0 0.0 -0.7035918728458763 -0.7035918728458763
1667747140 4.143957380472075 -8.961133386736298 0.0 0.0 0.0 -0.7018356745753442 -0.7018356745753442
1667747141 4.136825045443144 -9.164253379537255 0.0 0.0 0.0 -0.6989081595852655 -0.6989081595852655
1667747141 4.136825045443144 -9.164253379537255 0.0 0.0 0.0 -0.6989081595852655 -0.6989081595852655
1667747143 4.11760656254763 -9.415336383471953 0.0 0.0 0.0 -0.7407797786367403 -0.7407797786367403
1667747144 4.131119635016604 -9.422664255239534 0.0 0.0 0.0 -0.7520533680742993 -0.7520533680742993
1667747145 4.106324287435015 -9.646981322204006 0.0 0.0 0.0 -0.7184981193235058 -0.7184981193235058
1667747146 4.10526589240582 -9.685880870100773 0.0 0.0 0.0 -0.7057829500735905 -0.7057829500735905
1667747147 4.097471808382131 -9.895199105235948 0.0 0.0 0.0 -0.7043063397471614 -0.7043063397471614
1667747147 4.097471808382131 -9.895199105235948 0.0 0.0 0.0 -0.7043063397471614 -0.7043063397471614
1667747149 4.098979848093393 -10.099592691929852 0.0 0.0 0.0 -0.7029699115517756 -0.7029699115517756
1667747150 4.080732475234776 -10.299194194956462 0.0 0.0 0.0 -0.7000125368752319 -0.7000125368752319
1667747150 4.080732475234776 -10.299194194956462 0.0 0.0 0.0 -0.7000125368752319 -0.7000125368752319
1667747152 4.06193313732363 -10.356617060830352 0.0 0.0 0.0 -0.7603940070651046 -0.7603940070651046
1667747153 4.055261812475002 -10.385404934397936 0.0 0.0 0.0 -0.8172846092900481 -0.8172846092900481
1667747154 4.0687700766136174 -10.403840628313361 0.0 0.0 0.0 -0.8679728613560171 -0.8679728613560171
1667747156 4.042296814833108 -10.424312616930456 0.0 0.0 0.0 -0.9173435371499523 -0.9173435371499523
1667747157 4.029873230739303 -10.42221630006155 0.0 0.0 0.0 -0.9427553960965671 -0.9427553960965671
1667747157 4.015025641793684 -10.436636792066652 0.0 0.0 0.0 -0.9687224409153407 -0.9687224409153407
1667747159 4.02037284023265 -10.438907499092863 0.0 0.0 0.0 -0.9916448245403044 -0.9916448245403044
1667747159 4.005587465152124 -10.440553377732318 0.0 0.0 0.0 -0.9985288369257175 -0.9985288369257175
1667747161 3.975370774704456 -10.448999874138906 0.0 0.0 0.0 -0.9999328428946441 -0.9999328428946441
1667747161 3.914720900928463 -10.446780119485727 0.0 0.0 0.0 -0.9987996889754016 -0.9987996889754016
1667747162 3.7919087461373504 -10.430462029379221 0.0 0.0 0.0 -0.994306190591003 -0.994306190591003
1667747163 3.6776486398175434 -10.39465488848885 0.0 0.0 0.0 -0.9896752062422153 -0.9896752062422153
1667747164 3.5687146069129585 -10.35390983388618 0.0 0.0 0.0 -0.9831202320738595 -0.9831202320738595
1667747165 3.535293216574375 -10.346689750021575 0.0 0.0 0.0 -0.9932848590399823 -0.9932848590399823
1667747166 3.5357797637636907 -10.349989424518125 0.0 0.0 0.0 -0.9966232841860396 -0.9966232841860396
1667747167 3.5276354982990306 -10.34189913946398 0.0 0.0 0.0 -0.9973565669270759 -0.9973565669270759
1667747168 3.526695229558747 -10.340253800289483 0.0 0.0 0.0 -0.9987545701186927 -0.9987545701186927
1667747169 3.4856476956955054 -10.333301860188344 0.0 0.0 0.0 -0.999275827972544 -0.999275827972544
1667747170 3.375503776337447 -10.321039478593432 0.0 0.0 0.0 -0.9995748822604621 -0.9995748822604621
1667747171 3.2924307649317637 -10.311228401820685 0.0 0.0 0.0 -0.9998197606582906 -0.9998197606582906
1667747171 3.2924307649317637 -10.311228401820685 0.0 0.0 0.0 -0.9998197606582906 -0.9998197606582906
1667747173 2.9841707011499814 -10.296853619523601 0.0 0.0 0.0 -0.999999882569224 -0.999999882569224
1667747174 2.9257662151176866 -10.286470702577345 0.0 0.0 0.0 -0.9999578219497769 -0.9999578219497769
1667747175 2.7502687317064964 -10.30272340211072 0.0 0.0 0.0 -0.9998329016456349 -0.9998329016456349
1667747175 2.7502687317064964 -10.30272340211072 0.0 0.0 0.0 -0.9998329016456349 -0.9998329016456349
1667747177 2.545515413674838 -10.299499276186172 0.0 0.0 0.0 -0.9997260274121021 -0.9997260274121021
1667747178 2.4101449666728145 -10.302691434098188 0.0 0.0 0.0 -0.9999545391004356 -0.9999545391004356
1667747178 2.4101449666728145 -10.302691434098188 0.0 0.0 0.0 -0.9999545391004356 -0.9999545391004356
1667747180 2.2042446887737164 -10.30261626569491 0.0 0.0 0.0 -0.9999636500950816 -0.9999636500950816
1667747180 2.2042446887737164 -10.30261626569491 0.0 0.0 0.0 -0.9999636500950816 -0.9999636500950816
1667747182 2.0070776336195704 -10.306891641375936 0.0 0.0 0.0 -0.9999998587384789 -0.9999998587384789
1667747183 1.798821359422102 -10.297150573387661 0.0 0.0 0.0 -0.9999973707094579 -0.9999973707094579
1667747183 1.798821359422102 -10.297150573387661 0.0 0.0 0.0 -0.9999973707094579 -0.9999973707094579
1667747185 1.6175215674661212 -10.29273249444909 0.0 0.0 0.0 -0.9999364017233956 -0.9999364017233956
1667747186 1.3499331465854543 -10.28409044674168 0.0 0.0 0.0 -0.9995853857886016 -0.9995853857886016
1667747187 1.3677758503625879 -10.288579629907357 0.0 0.0 0.0 -0.9991971097174279 -0.9991971097174279
1667747188 1.1544517311040476 -10.262184306684322 0.0 0.0 0.0 -0.99933891650359 -0.99933891650359
1667747188 1.1544517311040476 -10.262184306684322 0.0 0.0 0.0 -0.99933891650359 -0.99933891650359
1667747190 0.9481840577296778 -10.243494584591582 0.0 0.0 0.0 -0.9990793742625563 -0.9990793742625563
1667747191 0.7384715241510633 -10.21956528310857 0.0 0.0 0.0 -0.9991694804941922 -0.9991694804941922
1667747191 0.7384715241510633 -10.21956528310857 0.0 0.0 0.0 -0.9991694804941922 -0.9991694804941922
1667747193 0.5386344962260448 -10.197363980069163 0.0 0.0 0.0 -0.9990573642859216 -0.9990573642859216
1667747194 0.3273936236236781 -10.170037330564256 0.0 0.0 0.0 -0.9990164145780702 -0.9990164145780702
1667747195 0.16613113301637644 -10.153606605955236 0.0 0.0 0.0 -0.999372389389816 -0.999372389389816
1667747196 0.07817770248359504 -10.149484641168161 0.0 0.0 0.0 -0.9996614022480091 -0.9996614022480091
1667747197 0.006113286384397628 -10.164137120258681 0.0 0.0 0.0 -0.9993707030390545 -0.9993707030390545
1667747197 0.006113286384397628 -10.164137120258681 0.0 0.0 0.0 -0.9993707030390545 -0.9993707030390545
1667747199 -0.18089580127196636 -10.163223505222613 0.0 0.0 0.0 -0.9989892129593443 -0.9989892129593443
1667747199 -0.18089580127196636 -10.163223505222613 0.0 0.0 0.0 -0.9989892129593443 -0.9989892129593443
1667747199 -0.18089580127196636 -10.163223505222613 0.0 0.0 0.0 -0.9989892129593443 -0.9989892129593443
1667747202 -0.3749565750684762 -10.179585689023844 0.0 0.0 0.0 -0.9995531837739144 -0.9995531837739144
1667747203 -0.388600682835342 -10.171592593997596 0.0 0.0 0.0 -0.9984701000198266 -0.9984701000198266
1667747204 -0.40007561081910564 -10.166988224054442 0.0 0.0 0.0 -0.991236329837243 -0.991236329837243
1667747205 -0.4263641539741724 -10.141047860913211 0.0 0.0 0.0 -0.9745121695098883 -0.9745121695098883
1667747206 -0.43182267851190304 -10.142697247208664 0.0 0.0 0.0 -0.9493527330112057 -0.9493527330112057
1667747207 -0.44517656573072256 -10.130669496069979 0.0 0.0 0.0 -0.918213956841471 -0.918213956841471
1667747208 -0.45527216166326884 -10.117297052617749 0.0 0.0 0.0 -0.8815334376518821 -0.8815334376518821
1667747209 -0.4698663225539268 -10.103817099729968 0.0 0.0 0.0 -0.8420058473435719 -0.8420058473435719
1667747210 -0.4657694081876933 -10.098943936526586 0.0 0.0 0.0 -0.7987049213670931 -0.7987049213670931
1667747211 -0.46512261149880657 -10.099428380345477 0.0 0.0 0.0 -0.7414168051070581 -0.7414168051070581
1667747212 -0.4706063088823634 -10.08284477659536 0.0 0.0 0.0 -0.7066236971447483 -0.7066236971447483
1667747213 -0.47140447036376965 -10.019028167261764 0.0 0.0 0.0 -0.6839455601100775 -0.6839455601100775
1667747214 -0.44778619157618443 -9.918437483058058 0.0 0.0 0.0 -0.6278628841213133 -0.6278628841213133
1667747215 -0.45408903657643773 -9.881532093004108 0.0 0.0 0.0 -0.5944427298136103 -0.5944427298136103
1667747216 -0.4332121317554419 -9.846640280352412 0.0 0.0 0.0 -0.6258719538166807 -0.6258719538166807
1667747217 -0.42969674869980623 -9.844562070662107 0.0 0.0 0.0 -0.6343876037805811 -0.6343876037805811
1667747218 -0.4273429913356131 -9.805781728563614 0.0 0.0 0.0 -0.6421080703936025 -0.6421080703936025
1667747219 -0.42464804472913226 -9.809926704572149 0.0 0.0 0.0 -0.6491521774151388 -0.6491521774151388
1667747220 -0.413045542894833 -9.685938527679946 0.0 0.0 0.0 -0.6770744709743105 -0.6770744709743105
1667747221 -0.4004529735683441 -9.675156307907804 0.0 0.0 0.0 -0.7328701608811925 -0.7328701608811925
1667747222 -0.40467480544267953 -9.540745555705369 0.0 0.0 0.0 -0.7391326694305014 -0.7391326694305014
1667747223 -0.41893848303887277 -9.433049278304974 0.0 0.0 0.0 -0.7460274594113818 -0.7460274594113818
1667747223 -0.41893848303887277 -9.433049278304974 0.0 0.0 0.0 -0.7460274594113818 -0.7460274594113818
1667747223 -0.41893848303887277 -9.433049278304974 0.0 0.0 0.0 -0.7460274594113818 -0.7460274594113818
1667747226 -0.42091338275160506 -9.171361560760783 0.0 0.0 0.0 -0.7095675480452655 -0.7095675480452655
1667747227 -0.42768959578644855 -9.16494927632429 0.0 0.0 0.0 -0.6552186877672216 -0.6552186877672216
1667747228 -0.411185206716743 -9.066660794672392 0.0 0.0 0.0 -0.6230322681929552 -0.6230322681929552
1667747229 -0.4078833989002104 -9.058402640709485 0.0 0.0 0.0 -0.6479087667129287 -0.6479087667129287
1667747230 -0.41710785488525165 -9.073158319406211 0.0 0.0 0.0 -0.6767884758416903 -0.6767884758416903
1667747230 -0.41710785488525165 -9.073158319406211 0.0 0.0 0.0 -0.6767884758416903 -0.6767884758416903
1667747230 -0.41710785488525165 -9.073158319406211 0.0 0.0 0.0 -0.6767884758416903 -0.6767884758416903
1667747233 -0.4031984592307432 -8.949377290433825 0.0 0.0 0.0 -0.6860220914125638 -0.6860220914125638
1667747234 -0.4039087791644089 -8.81950387396901 0.0 0.0 0.0 -0.6925478434186456 -0.6925478434186456
1667747234 -0.4039087791644089 -8.81950387396901 0.0 0.0 0.0 -0.6925478434186456 -0.6925478434186456
1667747234 -0.4039087791644089 -8.81950387396901 0.0 0.0 0.0 -0.6925478434186456 -0.6925478434186456
1667747237 -0.38879470645783254 -8.553233306321303 0.0 0.0 0.0 -0.7005307363260058 -0.7005307363260058
1667747237 -0.38879470645783254 -8.553233306321303 0.0 0.0 0.0 -0.7005307363260058 -0.7005307363260058
1667747239 -0.3681774513755868 -8.350739000488455 0.0 0.0 0.0 -0.704298195803771 -0.704298195803771
1667747239 -0.3681774513755868 -8.350739000488455 0.0 0.0 0.0 -0.704298195803771 -0.704298195803771
1667747241 -0.36400181003446946 -8.138615285180187 0.0 0.0 0.0 -0.7064548557776356 -0.7064548557776356
1667747242 -0.3661183493503563 -7.971772670060168 0.0 0.0 0.0 -0.712961321719683 -0.712961321719683
1667747242 -0.3661183493503563 -7.971772670060168 0.0 0.0 0.0 -0.712961321719683 -0.712961321719683
1667747244 -0.3807421128505783 -7.7664514700581755 0.0 0.0 0.0 -0.7143285791808532 -0.7143285791808532
1667747244 -0.3807421128505783 -7.7664514700581755 0.0 0.0 0.0 -0.7143285791808532 -0.7143285791808532
1667747246 -0.3909648188794211 -7.561604539316378 0.0 0.0 0.0 -0.7183783406095461 -0.7183783406095461
1667747247 -0.39540888167499105 -7.356701691942618 0.0 0.0 0.0 -0.7209983988730028 -0.7209983988730028
1667747248 -0.38706484086346893 -7.148106373621846 0.0 0.0 0.0 -0.7201628480699757 -0.7201628480699757
1667747249 -0.3793560291570654 -7.1253995791054185 0.0 0.0 0.0 -0.712058976579753 -0.712058976579753
1667747250 -0.3856176103056376 -6.916190538553221 0.0 0.0 0.0 -0.7132494855134331 -0.7132494855134331
1667747251 -0.3904719902064421 -6.770075525838432 0.0 0.0 0.0 -0.6896628709394612 -0.6896628709394612
1667747252 -0.37343244983808854 -6.743316904555089 0.0 0.0 0.0 -0.6821606220320087 -0.6821606220320087
1667747253 -0.35274040991117794 -6.5365231319843415 0.0 0.0 0.0 -0.6786084242357078 -0.6786084242357078
1667747254 -0.3420554720655551 -6.35008854167618 0.0 0.0 0.0 -0.6777079949615208 -0.6777079949615208
1667747255 -0.3249431036618062 -6.235336199009637 0.0 0.0 0.0 -0.6846759284373988 -0.6846759284373988
1667747255 -0.3249431036618062 -6.235336199009637 0.0 0.0 0.0 -0.6846759284373988 -0.6846759284373988
1667747257 -0.30813873083732224 -6.035789791024178 0.0 0.0 0.0 -0.6818510564746442 -0.6818510564746442
1667747258 -0.29832624836367655 -5.861124898745232 0.0 0.0 0.0 -0.7290613839364359 -0.7290613839364359
1667747259 -0.29096010561389746 -5.752430818460782 0.0 0.0 0.0 -0.74308110219733 -0.74308110219733
1667747259 -0.29096010561389746 -5.752430818460782 0.0 0.0 0.0 -0.74308110219733 -0.74308110219733
1667747261 -0.3099170629300227 -5.529570823218164 0.0 0.0 0.0 -0.7373705301629297 -0.7373705301629297
1667747261 -0.3099170629300227 -5.529570823218164 0.0 0.0 0.0 -0.7373705301629297 -0.7373705301629297
1667747261 -0.3099170629300227 -5.529570823218164 0.0 0.0 0.0 -0.7373705301629297 -0.7373705301629297
1667747264 -0.3291016336491016 -5.326165508938831 0.0 0.0 0.0 -0.7377294132963146 -0.7377294132963146
1667747265 -0.3351565239995241 -5.070788707126665 0.0 0.0 0.0 -0.7082336403739685 -0.7082336403739685
1667747266 -0.32665383755877236 -5.056387820036393 0.0 0.0 0.0 -0.6234774079852574 -0.6234774079852574
1667747267 -0.30358612393755263 -4.966914325642751 0.0 0.0 0.0 -0.5976558561057813 -0.5976558561057813
1667747268 -0.28033670042190145 -4.897517191235711 0.0 0.0 0.0 -0.5722000606211167 -0.5722000606211167
1667747269 -0.2728548823709199 -4.885405716036487 0.0 0.0 0.0 -0.606982540365636 -0.606982540365636
1667747269 -0.2728548823709199 -4.885405716036487 0.0 0.0 0.0 -0.606982540365636 -0.606982540365636
1667747269 -0.2728548823709199 -4.885405716036487 0.0 0.0 0.0 -0.606982540365636 -0.606982540365636
1667747272 -0.27050497104003646 -4.876086627996813 0.0 0.0 0.0 -0.6140748319293892 -0.6140748319293892
1667747273 -0.2568562427656309 -4.845202070463938 0.0 0.0 0.0 -0.6059832889723668 -0.6059832889723668
1667747274 -0.25774999188158443 -4.824883947164852 0.0 0.0 0.0 -0.6341598964933075 -0.6341598964933075
1667747275 -0.25794246390519027 -4.81025801714185 0.0 0.0 0.0 -0.6413663848190139 -0.6413663848190139
1667747275 -0.25794246390519027 -4.81025801714185 0.0 0.0 0.0 -0.6413663848190139 -0.6413663848190139
1667747275 -0.25794246390519027 -4.81025801714185 0.0 0.0 0.0 -0.6413663848190139 -0.6413663848190139
1667747278 -0.23268682490048045 -4.699425921175725 0.0 0.0 0.0 -0.6918893627449387 -0.6918893627449387
1667747279 -0.21911961191812518 -4.621318969953069 0.0 0.0 0.0 -0.7013527796167268 -0.7013527796167268
1667747279 -0.21911961191812518 -4.621318969953069 0.0 0.0 0.0 -0.7013527796167268 -0.7013527796167268
1667747281 -0.21883996813217424 -4.414239910489353 0.0 0.0 0.0 -0.7048003647444007 -0.7048003647444007
1667747281 -0.21883996813217424 -4.414239910489353 0.0 0.0 0.0 -0.7048003647444007 -0.7048003647444007
1667747283 -0.21339652994802052 -4.238220412438543 0.0 0.0 0.0 -0.7119680808311911 -0.7119680808311911
1667747283 -0.21339652994802052 -4.238220412438543 0.0 0.0 0.0 -0.7119680808311911 -0.7119680808311911
1667747285 -0.2158281560532947 -4.037176750696492 0.0 0.0 0.0 -0.7111398207543703 -0.7111398207543703
1667747286 -0.20045077544366638 -3.831744741793197 0.0 0.0 0.0 -0.7156697934514262 -0.7156697934514262
1667747286 -0.20045077544366638 -3.831744741793197 0.0 0.0 0.0 -0.7156697934514262 -0.7156697934514262
1667747288 -0.19293339618224362 -3.5546194410460905 0.0 0.0 0.0 -0.7103898553359771 -0.7103898553359771
1667747289 -0.19580356420474354 -3.5137676245461114 0.0 0.0 0.0 -0.7181214376351607 -0.7181214376351607
1667747290 -0.2135390310309559 -3.3020135802746418 0.0 0.0 0.0 -0.7169806456614447 -0.7169806456614447
1667747290 -0.2135390310309559 -3.3020135802746418 0.0 0.0 0.0 -0.7169806456614447 -0.7169806456614447
1667747292 -0.211809576990459 -3.0985440463156513 0.0 0.0 0.0 -0.72196477951894 -0.72196477951894
1667747293 -0.21206176915980104 -2.9147708731555966 0.0 0.0 0.0 -0.7151809256791616 -0.7151809256791616
1667747293 -0.21206176915980104 -2.9147708731555966 0.0 0.0 0.0 -0.7151809256791616 -0.7151809256791616
1667747295 -0.21318177888245285 -2.7087746221717204 0.0 0.0 0.0 -0.7182968199766628 -0.7182968199766628
1667747295 -0.21318177888245285 -2.7087746221717204 0.0 0.0 0.0 -0.7182968199766628 -0.7182968199766628
1667747297 -0.22421556828662276 -2.3768622664479127 0.0 0.0 0.0 -0.7061809834643071 -0.7061809834643071
1667747298 -0.2126364693140516 -2.3297763166641436 0.0 0.0 0.0 -0.6805349401343898 -0.6805349401343898
1667747298 -0.2126364693140516 -2.3297763166641436 0.0 0.0 0.0 -0.6805349401343898 -0.6805349401343898
1667747300 -0.20785477702733304 -2.1158824315882474 0.0 0.0 0.0 -0.6736959020587039 -0.6736959020587039
1667747301 -0.18008825172838053 -1.9124453575634535 0.0 0.0 0.0 -0.6737956557016068 -0.6737956557016068
1667747301 -0.18008825172838053 -1.9124453575634535 0.0 0.0 0.0 -0.6737956557016068 -0.6737956557016068
1667747303 -0.1498162656033568 -1.7009901244498296 0.0 0.0 0.0 -0.6738068312483724 -0.6738068312483724
1667747304 -0.1311781764025438 -1.49787875409531 0.0 0.0 0.0 -0.670133593942037 -0.670133593942037
1667747304 -0.1311781764025438 -1.49787875409531 0.0 0.0 0.0 -0.670133593942037 -0.670133593942037
1667747306 -0.1211630946527091 -1.2446320093427412 0.0 0.0 0.0 -0.6962461741261785 -0.6962461741261785
1667747307 -0.11405717490436436 -1.1295076719204304 0.0 0.0 0.0 -0.7175941897611511 -0.7175941897611511
1667747307 -0.11405717490436436 -1.1295076719204304 0.0 0.0 0.0 -0.7175941897611511 -0.7175941897611511
1667747309 -0.10887866974644456 -0.9188132810421172 0.0 0.0 0.0 -0.7190713954475031 -0.7190713954475031
1667747310 -0.1126622868150828 -0.71829012565455 0.0 0.0 0.0 -0.7194995078547473 -0.7194995078547473
1667747310 -0.1126622868150828 -0.71829012565455 0.0 0.0 0.0 -0.7194995078547473 -0.7194995078547473
1667747312 -0.10934193492951062 -0.46943096493113917 0.0 0.0 0.0 -0.6935449406788361 -0.6935449406788361
1667747312 -0.10934193492951062 -0.46943096493113917 0.0 0.0 0.0 -0.6935449406788361 -0.6935449406788361
1667747314 -0.09238725508590942 -0.265744838147785 0.0 0.0 0.0 -0.6911825487597676 -0.6911825487597676
1667747315 -0.08136895154299825 -0.10064041331809531 0.0 0.0 0.0 -0.691020949045168 -0.691020949045168
1667747315 -0.08136895154299825 -0.10064041331809531 0.0 0.0 0.0 -0.691020949045168 -0.691020949045168
1667747317 -0.061202672072006185 -0.03646635818017136 0.0 0.0 0.0 -0.6167018463146057 -0.6167018463146057
1667747318 -0.05546727762462231 -0.002395848420881827 0.0 0.0 0.0 -0.5354914452841654 -0.5354914452841654
1667747319 -0.04729679588909301 0.026417536382622852 0.0 0.0 0.0 -0.4708670454637693 -0.4708670454637693
1667747320 -0.025450079494657503 0.032987791260275054 0.0 0.0 0.0 -0.3882989599424456 -0.3882989599424456
1667747321 -0.008727696556439698 0.037571868520295024 0.0 0.0 0.0 -0.29500959247320363 -0.29500959247320363
1667747322 0.0201492006630963 0.048974404214846175 0.0 0.0 0.0 -0.18771581665988665 -0.18771581665988665
1667747323 0.020241426359221496 0.05552042184462324 0.0 0.0 0.0 -0.09020342567570187 -0.09020342567570187
1667747324 0.023615293186053203 0.041205825435419195 0.0 0.0 0.0 -0.0461087906707348 -0.0461087906707348
1667747325 0.06686764479821498 0.04913792527121426 0.0 0.0 0.0 -0.008366597742146086 -0.008366597742146086
1667747326 0.18159618588086257 0.04558724061480022 0.0 0.0 0.0 0.025488843313885755 0.025488843313885755
1667747327 0.2995911398676708 0.030233597746170654 0.0 0.0 0.0 0.0623782018140881 0.0623782018140881
1667747328 0.4244788707322942 0.0031422232460075797 0.0 0.0 0.0 0.0896981490723825 0.0896981490723825
1667747329 0.5540583674850958 -0.0264988382432677 0.0 0.0 0.0 0.11217487474325098 0.11217487474325098
1667747330 0.5998661871283335 -0.049873448300631874 0.0 0.0 0.0 0.06693189837330253 0.06693189837330253
1667747331 0.6458067585357198 -0.04906401043420877 0.0 0.0 0.0 0.03245730469733077 0.03245730469733077
1667747332 0.7390458125246792 -0.05452691059008061 0.0 0.0 0.0 0.009574386241685275 0.009574386241685275
1667747332 0.7390458125246792 -0.05452691059008061 0.0 0.0 0.0 0.009574386241685275 0.009574386241685275
1667747334 0.9305402520001269 -0.056781884352941944 0.0 0.0 0.0 3.8616472122568475e-05 3.8616472122568475e-05
1667747335 1.0903540902790516 -0.05295463038259462 0.0 0.0 0.0 -0.01144200289210479 -0.01144200289210479
1667747336 1.1879416725779701 -0.05553011172550717 0.0 0.0 0.0 -0.020927214808881888 -0.020927214808881888
1667747337 1.3401792452965646 -0.05527421188364758 0.0 0.0 0.0 -0.031063878194350934 -0.031063878194350934
1667747337 1.3401792452965646 -0.05527421188364758 0.0 0.0 0.0 -0.031063878194350934 -0.031063878194350934
1667747339 1.5653821537498867 -0.04346552229004108 0.0 0.0 0.0 -0.0160497976025908 -0.0160497976025908
1667747339 1.5653821537498867 -0.04346552229004108 0.0 0.0 0.0 -0.0160497976025908 -0.0160497976025908
1667747339 1.5653821537498867 -0.04346552229004108 0.0 0.0 0.0 -0.0160497976025908 -0.0160497976025908
1667747342 1.7738146264697519 -0.03609722914155701 0.0 0.0 0.0 -0.012907053441252198 -0.012907053441252198
1667747343 2.0008605098282963 -0.03597339857935726 0.0 0.0 0.0 -0.0022397212256707807 -0.0022397212256707807
1667747344 2.0590505414550067 -0.044928560737865206 0.0 0.0 0.0 0.03526694099715639 0.03526694099715639
1667747344 2.0590505414550067 -0.044928560737865206 0.0 0.0 0.0 0.03526694099715639 0.03526694099715639
1667747346 2.2712638268917944 -0.06575368192151168 0.0 0.0 0.0 0.03039645644657992 0.03039645644657992
1667747347 2.480901008665483 -0.07985435087498571 0.0 0.0 0.0 0.0279312735329003 0.0279312735329003
1667747347 2.480901008665483 -0.07985435087498571 0.0 0.0 0.0 0.0279312735329003 0.0279312735329003
1667747349 2.6867886491501802 -0.09885862825485968 0.0 0.0 0.0 0.030052398344381843 0.030052398344381843
1667747350 2.8953537131505027 -0.11602865540246551 0.0 0.0 0.0 0.030049705387202294 0.030049705387202294
1667747351 3.094932680129205 -0.13877356422835022 0.0 0.0 0.0 0.03353501269445253 0.03353501269445253
1667747352 3.1711808386500198 -0.14175251870604566 0.0 0.0 0.0 0.030435679827463043 0.030435679827463043
1667747352 3.1711808386500198 -0.14175251870604566 0.0 0.0 0.0 0.030435679827463043 0.030435679827463043
1667747354 3.456487697555362 -0.16079162360469937 0.0 0.0 0.0 0.02944874290957119 0.02944874290957119
1667747355 3.574525845361139 -0.16978381497655992 0.0 0.0 0.0 0.020577270597377458 0.020577270597377458
1667747355 3.574525845361139 -0.16978381497655992 0.0 0.0 0.0 0.020577270597377458 0.020577270597377458
1667747357 3.7841804126267795 -0.18767114700227358 0.0 0.0 0.0 0.013681416803512198 0.013681416803512198
1667747358 3.9866411341670536 -0.19547600816502472 0.0 0.0 0.0 0.01276039426642702 0.01276039426642702
1667747358 3.9866411341670536 -0.19547600816502472 0.0 0.0 0.0 0.01276039426642702 0.01276039426642702
1667747360 4.194559847024956 -0.20966552628946672 0.0 0.0 0.0 0.016752398437289602 0.016752398437289602
1667747360 4.194559847024956 -0.20966552628946672 0.0 0.0 0.0 0.016752398437289602 0.016752398437289602
1667747362 4.4698025600661415 -0.233727999402841 0.0 0.0 0.0 0.06016811615890598 0.06016811615890598
1667747363 4.490762121929402 -0.24150217038066668 0.0 0.0 0.0 0.15647503943735566 0.15647503943735566
1667747364 4.5113131315467605 -0.26131124962792973 0.0 0.0 0.0 0.26262688381728394 0.26262688381728394
1667747365 4.531132024226398 -0.2810795281647 0.0 0.0 0.0 0.3698521820836003 0.3698521820836003
1667747366 4.541554280568021 -0.30775826557720454 0.0 0.0 0.0 0.4718356905409078 0.4718356905409078
1667747367 4.54967037005405 -0.3261701707564813 0.0 0.0 0.0 0.5694743915393066 0.5694743915393066
1667747368 4.553765763380707 -0.351778189453224 0.0 0.0 0.0 0.6620593288972279 0.6620593288972279
1667747369 4.551688280242001 -0.3492708661383567 0.0 0.0 0.0 0.7120109087159809 0.7120109087159809
1667747370 4.5517998278823 -0.3726103312187501 0.0 0.0 0.0 0.74764924545184 0.74764924545184
1667747371 4.529778046851789 -0.5236878628977685 0.0 0.0 0.0 0.781135692695614 0.781135692695614
1667747372 4.509252400798513 -0.5840220343219221 0.0 0.0 0.0 0.7757026138251121 0.7757026138251121
1667747373 4.5116338156414795 -0.587582789268339 0.0 0.0 0.0 0.7517654278126239 0.7517654278126239
1667747374 4.506232327974178 -0.5784252131525838 0.0 0.0 0.0 0.7234433770804297 0.7234433770804297
1667747375 4.506604405545699 -0.5856752767263644 0.0 0.0 0.0 0.7170788089321616 0.7170788089321616
1667747375 4.506604405545699 -0.5856752767263644 0.0 0.0 0.0 0.7170788089321616 0.7170788089321616
1667747377 4.502505658379727 -0.7917250040675505 0.0 0.0 0.0 0.7130178649777579 0.7130178649777579
1667747378 4.499853650950144 -0.954085999538752 0.0 0.0 0.0 0.7063333816681402 0.7063333816681402
1667747378 4.499853650950144 -0.954085999538752 0.0 0.0 0.0 0.7063333816681402 0.7063333816681402
1667747380 4.493283332814174 -1.1388459273637503 0.0 0.0 0.0 0.6998702752691719 0.6998702752691719
1667747381 4.493736042455328 -1.2903343584818867 0.0 0.0 0.0 0.7507355582195943 0.7507355582195943
1667747382 4.491309167774186 -1.297990973985386 0.0 0.0 0.0 0.7787737074552926 0.7787737074552926
1667747383 4.4615272465738585 -1.4054609156916762 0.0 0.0 0.0 0.7957722972703732 0.7957722972703732
1667747384 4.408117858744881 -1.5419983531098849 0.0 0.0 0.0 0.8164783739969479 0.8164783739969479
1667747385 4.38977875887447 -1.5685300187936362 0.0 0.0 0.0 0.7905217672807164 0.7905217672807164
1667747386 4.406054782456663 -1.5551945948612467 0.0 0.0 0.0 0.7757788824956028 0.7757788824956028
1667747387 4.383891149586828 -1.6101657180067648 0.0 0.0 0.0 0.762477808675442 0.762477808675442
1667747388 4.388581264521344 -1.6351431573801167 0.0 0.0 0.0 0.7519295569780581 0.7519295569780581
1667747389 4.373052856982684 -1.7058257528269294 0.0 0.0 0.0 0.7527246740215329 0.7527246740215329
1667747390 4.360093498870782 -1.8253774631071904 0.0 0.0 0.0 0.7392538889844256 0.7392538889844256
1667747391 4.3519800550453995 -1.8568055555147174 0.0 0.0 0.0 0.6602046786328583 0.6602046786328583
1667747392 4.363888259595665 -1.9043138661808472 0.0 0.0 0.0 0.6278048817959835 0.6278048817959835
1667747393 4.380211008959693 -2.023294582147141 0.0 0.0 0.0 0.6088979488696462 0.6088979488696462
1667747394 4.397708382880868 -2.0575811233708907 0.0 0.0 0.0 0.5949087186196208 0.5949087186196208
1667747394 4.397708382880868 -2.0575811233708907 0.0 0.0 0.0 0.5949087186196208 0.5949087186196208
1667747396 4.389771046589704 -2.056877647843263 0.0 0.0 0.0 0.6144376233042275 0.6144376233042275
1667747396 4.389771046589704 -2.056877647843263 0.0 0.0 0.0 0.6144376233042275 0.6144376233042275
1667747398 4.4036121902131695 -2.1374867841832055 0.0 0.0 0.0 0.6343146311576985 0.6343146311576985
1667747399 4.4062026799349265 -2.1455470633509375 0.0 0.0 0.0 0.6918754269229566 0.6918754269229566
1667747399 4.4062026799349265 -2.1455470633509375 0.0 0.0 0.0 0.6918754269229566 0.6918754269229566
1667747401 4.402164249165056 -2.305766238423896 0.0 0.0 0.0 0.7053933701380066 0.7053933701380066
1667747402 4.398885319060848 -2.38287153008315 0.0 0.0 0.0 0.7140060350428488 0.7140060350428488
1667747403 4.39236342302689 -2.5122352383431914 0.0 0.0 0.0 0.7273672473044697 0.7273672473044697
1667747404 4.383503371126237 -2.6575163835530513 0.0 0.0 0.0 0.7338046958968221 0.7338046958968221
1667747405 4.37444368385463 -2.7301801873075333 0.0 0.0 0.0 0.7469821699011943 0.7469821699011943
1667747406 4.349649561675579 -2.8966937920328255 0.0 0.0 0.0 0.7539884198119801 0.7539884198119801
1667747407 4.3385727191132535 -2.979901025554034 0.0 0.0 0.0 0.7273357811280893 0.7273357811280893
1667747407 4.3385727191132535 -2.979901025554034 0.0 0.0 0.0 0.7273357811280893 0.7273357811280893
1667747409 4.320153368852304 -3.1846111357181854 0.0 0.0 0.0 0.7274100910717028 0.7274100910717028
1667747409 4.320153368852304 -3.1846111357181854 0.0 0.0 0.0 0.7274100910717028 0.7274100910717028
1667747411 4.295654420301179 -3.396880730575815 0.0 0.0 0.0 0.7282026082488694 0.7282026082488694
1667747412 4.292478457291372 -3.5078628518408297 0.0 0.0 0.0 0.6967041276617911 0.6967041276617911
1667747412 4.292478457291372 -3.5078628518408297 0.0 0.0 0.0 0.6967041276617911 0.6967041276617911
1667747414 4.296157911568947 -3.7128393831219735 0.0 0.0 0.0 0.6958427173296057 0.6958427173296057
1667747415 4.297412588137773 -3.9191043231933578 0.0 0.0 0.0 0.6995485838858247 0.6995485838858247
1667747415 4.297412588137773 -3.9191043231933578 0.0 0.0 0.0 0.6995485838858247 0.6995485838858247
1667747417 4.288188274959724 -4.123602719347817 0.0 0.0 0.0 0.6980349399569455 0.6980349399569455
1667747418 4.292348685621821 -4.32633405784599 0.0 0.0 0.0 0.7002318146847117 0.7002318146847117
1667747418 4.292348685621821 -4.32633405784599 0.0 0.0 0.0 0.7002318146847117 0.7002318146847117
1667747420 4.290338998703275 -4.509936983562896 0.0 0.0 0.0 0.7068027450860598 0.7068027450860598
1667747421 4.27949869604143 -4.713400005930401 0.0 0.0 0.0 0.7091916499251334 0.7091916499251334
1667747422 4.2822023010483035 -4.91795272417562 0.0 0.0 0.0 0.7051004244962363 0.7051004244962363
1667747422 4.2822023010483035 -4.91795272417562 0.0 0.0 0.0 0.7051004244962363 0.7051004244962363
1667747424 4.272556054564255 -5.127454289525587 0.0 0.0 0.0 0.7056220799964013 0.7056220799964013
1667747425 4.278766892821423 -5.3342901427361324 0.0 0.0 0.0 0.7065137476431489 0.7065137476431489
1667747425 4.278766892821423 -5.3342901427361324 0.0 0.0 0.0 0.7065137476431489 0.7065137476431489
1667747427 4.273507955464928 -5.535862249110667 0.0 0.0 0.0 0.7086227038374493 0.7086227038374493
1667747428 4.275629952059866 -5.7431864885908235 0.0 0.0 0.0 0.7116458119142195 0.7116458119142195
1667747429 4.269827173809703 -5.9495948408714 0.0 0.0 0.0 0.7107618845625886 0.7107618845625886
1667747429 4.269827173809703 -5.9495948408714 0.0 0.0 0.0 0.7107618845625886 0.7107618845625886
1667747431 4.2508639175655425 -6.163734616567748 0.0 0.0 0.0 0.7154199610214526 0.7154199610214526
1667747432 4.240309061660306 -6.377120656391149 0.0 0.0 0.0 0.7156722275118347 0.7156722275118347
1667747432 4.240309061660306 -6.377120656391149 0.0 0.0 0.0 0.7156722275118347 0.7156722275118347
1667747434 4.232126695082191 -6.583483855282299 0.0 0.0 0.0 0.719179210260218 0.719179210260218
1667747435 4.216987257815168 -6.7900166411256615 0.0 0.0 0.0 0.7246254337026986 0.7246254337026986
1667747435 4.216987257815168 -6.7900166411256615 0.0 0.0 0.0 0.7246254337026986 0.7246254337026986
1667747437 4.1901027282354235 -6.991175966756837 0.0 0.0 0.0 0.7271662235096027 0.7271662235096027
1667747438 4.171671366482875 -7.243853663419929 0.0 0.0 0.0 0.7258881822143897 0.7258881822143897
1667747439 4.173631336904972 -7.317969711127868 0.0 0.0 0.0 0.71969231940699 0.71969231940699
1667747440 4.153692489333192 -7.526428812965813 0.0 0.0 0.0 0.7169971377366414 0.7169971377366414
1667747440 4.153692489333192 -7.526428812965813 0.0 0.0 0.0 0.7169971377366414 0.7169971377366414
1667747442 4.136317048147892 -7.729934563077334 0.0 0.0 0.0 0.7153540122918836 0.7153540122918836
1667747443 4.126822636197417 -7.933374034087422 0.0 0.0 0.0 0.7116448069041577 0.7116448069041577
1667747444 4.1433344744191345 -7.988614610883063 0.0 0.0 0.0 0.6941144967486943 0.6941144967486943
1667747445 4.142774660881223 -8.167827736654152 0.0 0.0 0.0 0.6860316240361233 0.6860316240361233
1667747446 4.13447280320991 -8.254905611853172 0.0 0.0 0.0 0.6940282214393853 0.6940282214393853
1667747447 4.149622225648525 -8.467561445712368 0.0 0.0 0.0 0.6913317220202556 0.6913317220202556
1667747447 4.149622225648525 -8.467561445712368 0.0 0.0 0.0 0.6913317220202556 0.6913317220202556
1667747449 4.152337556594322 -8.677140155401375 0.0 0.0 0.0 0.6902589537019488 0.6902589537019488
1667747450 4.150680276512362 -8.884376169780463 0.0 0.0 0.0 0.690094479004524 0.690094479004524
1667747451 4.135999531429453 -9.05347851515475 0.0 0.0 0.0 0.725848844878005 0.725848844878005
1667747452 4.1395298622912025 -9.050359177935087 0.0 0.0 0.0 0.8022543385044277 0.8022543385044277
1667747453 4.125118805460329 -9.074699068600285 0.0 0.0 0.0 0.8689940758115507 0.8689940758115507
1667747454 4.146251511371497 -9.0812867172744 0.0 0.0 0.0 0.8637342464041909 0.8637342464041909
1667747455 4.132489867531495 -9.093113820319601 0.0 0.0 0.0 0.8677883096823864 0.8677883096823864
1667747455 4.132489867531495 -9.093113820319601 0.0 0.0 0.0 0.8677883096823864 0.8677883096823864
1667747457 4.110347983596119 -9.125429935033466 0.0 0.0 0.0 0.8372135028868789 0.8372135028868789
1667747457 4.110347983596119 -9.125429935033466 0.0 0.0 0.0 0.8372135028868789 0.8372135028868789
1667747457 4.110347983596119 -9.125429935033466 0.0 0.0 0.0 0.8372135028868789 0.8372135028868789
1667747457 4.110347983596119 -9.125429935033466 0.0 0.0 0.0 0.8372135028868789 0.8372135028868789
1667747457 4.110347983596119 -9.125429935033466 0.0 0.0 0.0 0.8372135028868789 0.8372135028868789
1667747462 4.063288759645423 -9.22047844727755 0.0 0.0 0.0 0.8169937292424098 0.8169937292424098
1667747463 4.058492960989767 -9.221726709789996 0.0 0.0 0.0 0.7945921901228643 0.7945921901228643
1667747463 4.058492960989767 -9.221726709789996 0.0 0.0 0.0 0.7945921901228643 0.7945921901228643
1667747463 4.058492960989767 -9.221726709789996 0.0 0.0 0.0 0.7945921901228643 0.7945921901228643
1667747463 4.058492960989767 -9.221726709789996 0.0 0.0 0.0 0.7945921901228643 0.7945921901228643
1667747463 4.058492960989767 -9.221726709789996 0.0 0.0 0.0 0.7945921901228643 0.7945921901228643
1667747468 4.0372934187433565 -9.319689364033831 0.0 0.0 0.0 0.7933987572705115 0.7933987572705115
1667747469 4.036268171073399 -9.335056928363045 0.0 0.0 0.0 0.7707712169962407 0.7707712169962407
1667747470 4.0436745280855755 -9.335463614147617 0.0 0.0 0.0 0.7503725565568911 0.7503725565568911
1667747471 4.03464283267193 -9.345580378578445 0.0 0.0 0.0 0.7273839336802832 0.7273839336802832
1667747472 4.036463579319071 -9.353788841175298 0.0 0.0 0.0 0.7285723301262836 0.7285723301262836
1667747473 4.0319505196466405 -9.382976190911606 0.0 0.0 0.0 0.7267938542390435 0.7267938542390435
1667747473 4.0319505196466405 -9.382976190911606 0.0 0.0 0.0 0.7267938542390435 0.7267938542390435
1667747475 4.021354091345554 -9.49442208380507 0.0 0.0 0.0 0.7029747538089457 0.7029747538089457
1667747476 4.016597791182026 -9.526107151523396 0.0 0.0 0.0 0.6899093173310923 0.6899093173310923
1667747477 4.029786132842234 -9.643192176795813 0.0 0.0 0.0 0.6808513557398538 0.6808513557398538
1667747478 4.034392771877745 -9.753017024239647 0.0 0.0 0.0 0.6731938037138074 0.6731938037138074
1667747478 4.034392771877745 -9.753017024239647 0.0 0.0 0.0 0.6731938037138074 0.6731938037138074
1667747480 4.04743148366667 -9.943789636437195 0.0 0.0 0.0 0.6653134953753501 0.6653134953753501
1667747481 4.059913890491792 -10.0645870242708 0.0 0.0 0.0 0.6578869075139748 0.6578869075139748
1667747481 4.059913890491792 -10.0645870242708 0.0 0.0 0.0 0.6578869075139748 0.6578869075139748
1667747483 4.087122325384008 -10.262960520807688 0.0 0.0 0.0 0.6503248084579732 0.6503248084579732
1667747484 4.0980316956172045 -10.383066095533144 0.0 0.0 0.0 0.634297122128253 0.634297122128253
1667747484 4.0980316956172045 -10.383066095533144 0.0 0.0 0.0 0.634297122128253 0.634297122128253
1667747486 4.079242372576012 -10.299480211719636 0.0 0.0 0.0 0.64339877818514 0.64339877818514
1667747487 4.081960496764784 -10.304993734641377 0.0 0.0 0.0 0.6625188089802292 0.6625188089802292
1667747488 4.083007110936102 -10.288443168930202 0.0 0.0 0.0 0.6923859871330814 0.6923859871330814
1667747489 4.081755819378484 -10.29664637949647 0.0 0.0 0.0 0.724388904566023 0.724388904566023
1667747490 4.073427070583586 -10.302853425718528 0.0 0.0 0.0 0.7694278626138265 0.7694278626138265
1667747491 4.081400649766373 -10.297873269581656 0.0 0.0 0.0 0.7869054986515973 0.7869054986515973
1667747492 4.070910223863974 -10.297542404174706 0.0 0.0 0.0 0.8177654518996205 0.8177654518996205
1667747493 4.076756787163389 -10.293086978664913 0.0 0.0 0.0 0.8677250840043923 0.8677250840043923
1667747494 4.067566964959699 -10.293701593822062 0.0 0.0 0.0 0.9090748874881776 0.9090748874881776
1667747495 4.079298419946916 -10.28829798750836 0.0 0.0 0.0 0.9419134829150541 0.9419134829150541
1667747496 4.102377504303391 -10.285749862296461 0.0 0.0 0.0 0.9588884514018924 0.9588884514018924
1667747497 4.077701206983519 -10.281997370290942 0.0 0.0 0.0 0.9640841093353457 0.9640841093353457
1667747498 3.938749864708557 -10.370912226725357 0.0 0.0 0.0 0.9781332731466107 0.9781332731466107
1667747499 3.8660537441205745 -10.393208887518247 0.0 0.0 0.0 0.9905896470997374 0.9905896470997374
1667747500 3.7775025164639477 -10.403297740916427 0.0 0.0 0.0 0.9986767963545197 0.9986767963545197
1667747501 3.756142761864161 -10.410541885320335 0.0 0.0 0.0 0.9999337818908435 0.9999337818908435
1667747502 3.578655452055003 -10.402369686919071 0.0 0.0 0.0 0.9998274674603171 0.9998274674603171
1667747502 3.578655452055003 -10.402369686919071 0.0 0.0 0.0 0.9998274674603171 0.9998274674603171
1667747504 3.4384410207991274 -10.394543594613872 0.0 0.0 0.0 0.9996251542985545 0.9996251542985545
1667747505 3.296089018810016 -10.38097927910608 0.0 0.0 0.0 0.9989726358993716 0.9989726358993716
1667747506 3.1527258271711545 -10.369162614283987 0.0 0.0 0.0 0.9982935335583595 0.9982935335583595
1667747507 2.924692726728808 -10.325211264601107 0.0 0.0 0.0 0.9968734902271945 0.9968734902271945
1667747507 2.924692726728808 -10.325211264601107 0.0 0.0 0.0 0.9968734902271945 0.9968734902271945
1667747509 2.8003141452322806 -10.294011605116285 0.0 0.0 0.0 0.9992986665447746 0.9992986665447746
1667747510 2.708086902930672 -10.30551026223172 0.0 0.0 0.0 0.9973871679721246 0.9973871679721246
1667747511 2.665443544633821 -10.310779724255028 0.0 0.0 0.0 0.9996441290975782 0.9996441290975782
1667747512 2.655892383272018 -10.309879850401078 0.0 0.0 0.0 0.9999849761063736 0.9999849761063736
1667747512 2.655892383272018 -10.309879850401078 0.0 0.0 0.0 0.9999849761063736 0.9999849761063736
1667747514 2.469665324155651 -10.309385676426512 0.0 0.0 0.0 0.9999905523732774 0.9999905523732774
1667747515 2.32470333168484 -10.306270806708172 0.0 0.0 0.0 0.9998248707086835 0.9998248707086835
1667747516 2.255064173768048 -10.309328662048939 0.0 0.0 0.0 0.9995846920869752 0.9995846920869752
1667747517 2.1577625112718852 -10.294346308232539 0.0 0.0 0.0 0.9992808324202872 0.9992808324202872
1667747518 1.9890130603319607 -10.267961841495856 0.0 0.0 0.0 0.9988361959537762 0.9988361959537762
1667747518 1.9890130603319607 -10.267961841495856 0.0 0.0 0.0 0.9988361959537762 0.9988361959537762
1667747520 1.7751495628747676 -10.249625999608439 0.0 0.0 0.0 0.9987074788063852 0.9987074788063852
1667747521 1.5869990824550022 -10.225023436756695 0.0 0.0 0.0 0.9974293387909579 0.9974293387909579
1667747521 1.5869990824550022 -10.225023436756695 0.0 0.0 0.0 0.9974293387909579 0.9974293387909579
1667747523 1.3863517824909184 -10.190563809679967 0.0 0.0 0.0 0.9995788009389612 0.9995788009389612
1667747523 1.3863517824909184 -10.190563809679967 0.0 0.0 0.0 0.9995788009389612 0.9995788009389612
1667747525 1.181616045415091 -10.173991526201315 0.0 0.0 0.0 0.9994475897115529 0.9994475897115529
1667747526 1.070862068566097 -10.165404779586341 0.0 0.0 0.0 0.9999649432123935 0.9999649432123935
1667747526 1.070862068566097 -10.165404779586341 0.0 0.0 0.0 0.9999649432123935 0.9999649432123935
1667747528 0.867353907690874 -10.165097289774558 0.0 0.0 0.0 0.9999850141315497 0.9999850141315497
1667747529 0.6639520396775248 -10.162122685542723 0.0 0.0 0.0 0.999999953566777 0.999999953566777
1667747529 0.6639520396775248 -10.162122685542723 0.0 0.0 0.0 0.999999953566777 0.999999953566777
1667747531 0.45898192169035706 -10.156385792834065 0.0 0.0 0.0 0.9999945021468769 0.9999945021468769
1667747532 0.2582881416798559 -10.152076536510819 0.0 0.0 0.0 0.9999999412127439 0.9999999412127439
1667747532 0.2582881416798559 -10.152076536510819 0.0 0.0 0.0 0.9999999412127439 0.9999999412127439
1667747534 0.05419245035244231 -10.148505946423679 0.0 0.0 0.0 0.9999979121061219 0.9999979121061219
1667747535 -0.14722690388602433 -10.146282604443634 0.0 0.0 0.0 0.9999996738893283 0.9999996738893283
1667747535 -0.14722690388602433 -10.146282604443634 0.0 0.0 0.0 0.9999996738893283 0.9999996738893283
1667747537 -0.36189108571888906 -10.132746384630542 0.0 0.0 0.0 0.9999120672804245 0.9999120672804245
1667747538 -0.36983381348018946 -10.130892368947993 0.0 0.0 0.0 0.9986132216052793 0.9986132216052793
1667747539 -0.37785520628564007 -10.125226395863157 0.0 0.0 0.0 0.9927841440336446 0.9927841440336446
1667747540 -0.39428147758068083 -10.109818995196818 0.0 0.0 0.0 0.9786197160260636 0.9786197160260636
1667747541 -0.4073300831796572 -10.099520747040446 0.0 0.0 0.0 0.9598744446649855 0.9598744446649855
1667747542 -0.41631425714385695 -10.10050112807995 0.0 0.0 0.0 0.9254608975834642 0.9254608975834642
1667747543 -0.42534688939801146 -10.089569892079185 0.0 0.0 0.0 0.873508198309623 0.873508198309623
1667747544 -0.42731766264006577 -10.079267928092644 0.0 0.0 0.0 0.8123132276967107 0.8123132276967107
1667747545 -0.43423572835406654 -10.083407639379077 0.0 0.0 0.0 0.7498813495775085 0.7498813495775085
1667747546 -0.44074717568651145 -10.056504757151874 0.0 0.0 0.0 0.720112000212565 0.720112000212565
1667747547 -0.4367472184081222 -9.935055129317115 0.0 0.0 0.0 0.6884721316376444 0.6884721316376444
1667747548 -0.42617741306355766 -9.836264251449101 0.0 0.0 0.0 0.6570780543302346 0.6570780543302346
1667747549 -0.41152801381761495 -9.779116093724415 0.0 0.0 0.0 0.6597655271236262 0.6597655271236262
1667747550 -0.41106988126736105 -9.76573627971643 0.0 0.0 0.0 0.6787946123266618 0.6787946123266618
1667747551 -0.3991724235436603 -9.681417018780648 0.0 0.0 0.0 0.6843662741587379 0.6843662741587379
1667747551 -0.3991724235436603 -9.681417018780648 0.0 0.0 0.0 0.6843662741587379 0.6843662741587379
1667747553 -0.39070192855024105 -9.53105265001306 0.0 0.0 0.0 0.6989088151725033 0.6989088151725033
1667747554 -0.391092977792374 -9.484132300249012 0.0 0.0 0.0 0.7151175046417397 0.7151175046417397
1667747554 -0.391092977792374 -9.484132300249012 0.0 0.0 0.0 0.7151175046417397 0.7151175046417397
1667747556 -0.3926211826299523 -9.278418651167406 0.0 0.0 0.0 0.7178165183316492 0.7178165183316492
1667747557 -0.3935316020571587 -9.140713497693362 0.0 0.0 0.0 0.727283921650768 0.727283921650768
1667747558 -0.4016565604515527 -8.93298304960144 0.0 0.0 0.0 0.7268526569569445 0.7268526569569445
1667747559 -0.4078577534157519 -8.866290108298987 0.0 0.0 0.0 0.7329806015000944 0.7329806015000944
1667747560 -0.4123335199251238 -8.695454155076087 0.0 0.0 0.0 0.7171175346386192 0.7171175346386192
1667747561 -0.4113692017844732 -8.695512600222228 0.0 0.0 0.0 0.6479529709209948 0.6479529709209948
1667747562 -0.38471548302899466 -8.622750716000427 0.0 0.0 0.0 0.573579763442811 0.573579763442811
1667747563 -0.374369497802241 -8.602185056875133 0.0 0.0 0.0 0.5468316576286321 0.5468316576286321
1667747564 -0.36491456499292024 -8.577355920591026 0.0 0.0 0.0 0.553603897711227 0.553603897711227
1667747565 -0.3673207984087789 -8.577634881461783 0.0 0.0 0.0 0.5817210636385599 0.5817210636385599
1667747566 -0.3826689966635336 -8.58438945321438 0.0 0.0 0.0 0.6043106923863192 0.6043106923863192
1667747567 -0.36983558270065686 -8.57713593212012 0.0 0.0 0.0 0.6318111137837972 0.6318111137837972
1667747568 -0.3677674221348672 -8.582010684090001 0.0 0.0 0.0 0.6422740755929972 0.6422740755929972
1667747568 -0.3677674221348672 -8.582010684090001 0.0 0.0 0.0 0.6422740755929972 0.6422740755929972
1667747570 -0.34618134717428944 -8.487900070427093 0.0 0.0 0.0 0.6348333271533937 0.6348333271533937
1667747571 -0.3454915438388589 -8.457975112682096 0.0 0.0 0.0 0.6827152225673804 0.6827152225673804
1667747571 -0.3454915438388589 -8.457975112682096 0.0 0.0 0.0 0.6827152225673804 0.6827152225673804
1667747571 -0.3454915438388589 -8.457975112682096 0.0 0.0 0.0 0.6827152225673804 0.6827152225673804
1667747574 -0.32905769903169746 -8.264565373565263 0.0 0.0 0.0 0.6912322963147768 0.6912322963147768
1667747574 -0.32905769903169746 -8.264565373565263 0.0 0.0 0.0 0.6912322963147768 0.6912322963147768
1667747574 -0.32905769903169746 -8.264565373565263 0.0 0.0 0.0 0.6912322963147768 0.6912322963147768
1667747577 -0.3176099342104969 -8.056919981320885 0.0 0.0 0.0 0.6940961624565419 0.6940961624565419
1667747578 -0.31252259239906627 -7.9072955346149145 0.0 0.0 0.0 0.700227678372463 0.700227678372463
1667747578 -0.31252259239906627 -7.9072955346149145 0.0 0.0 0.0 0.700227678372463 0.700227678372463
1667747578 -0.31252259239906627 -7.9072955346149145 0.0 0.0 0.0 0.700227678372463 0.700227678372463
1667747581 -0.3056470465360253 -7.690572626654774 0.0 0.0 0.0 0.7009645152394358 0.7009645152394358
1667747582 -0.318959648598484 -7.487718654753798 0.0 0.0 0.0 0.701877357899498 0.701877357899498
1667747582 -0.318959648598484 -7.487718654753798 0.0 0.0 0.0 0.701877357899498 0.701877357899498
1667747584 -0.3041251140835054 -7.34570873438213 0.0 0.0 0.0 0.7081588015115726 0.7081588015115726
1667747585 -0.27855694185774504 -7.130989698176965 0.0 0.0 0.0 0.7082258489632272 0.7082258489632272
1667747585 -0.27855694185774504 -7.130989698176965 0.0 0.0 0.0 0.7082258489632272 0.7082258489632272
1667747587 -0.29182223107719796 -6.9193748849846415 0.0 0.0 0.0 0.7101130404056802 0.7101130404056802
1667747587 -0.29182223107719796 -6.9193748849846415 0.0 0.0 0.0 0.7101130404056802 0.7101130404056802
1667747589 -0.27654939390686645 -6.714664056348307 0.0 0.0 0.0 0.7116907612599747 0.7116907612599747
1667747590 -0.2808656405602871 -6.507013227537711 0.0 0.0 0.0 0.713960585828206 0.713960585828206
1667747590 -0.2808656405602871 -6.507013227537711 0.0 0.0 0.0 0.713960585828206 0.713960585828206
1667747592 -0.2751693359086223 -6.3054880481514735 0.0 0.0 0.0 0.7166562501454677 0.7166562501454677
1667747592 -0.2751693359086223 -6.3054880481514735 0.0 0.0 0.0 0.7166562501454677 0.7166562501454677
1667747594 -0.28930163576113255 -6.096757012562895 0.0 0.0 0.0 0.7161002708852735 0.7161002708852735
1667747595 -0.28200184927861444 -5.876627182503133 0.0 0.0 0.0 0.7184933646231643 0.7184933646231643
1667747595 -0.28200184927861444 -5.876627182503133 0.0 0.0 0.0 0.7184933646231643 0.7184933646231643
1667747597 -0.28961014232809823 -5.673695936149135 0.0 0.0 0.0 0.7219089309280647 0.7219089309280647
1667747598 -0.2871784352769716 -5.467577055740205 0.0 0.0 0.0 0.7240492920940348 0.7240492920940348
1667747599 -0.2880478980418234 -5.348281137246329 0.0 0.0 0.0 0.6930174562511424 0.6930174562511424
1667747600 -0.28119699517996244 -5.221941397517294 0.0 0.0 0.0 0.6864626125794493 0.6864626125794493
1667747600 -0.28119699517996244 -5.221941397517294 0.0 0.0 0.0 0.6864626125794493 0.6864626125794493
1667747602 -0.2598147045515421 -5.015595192611758 0.0 0.0 0.0 0.6889404749132294 0.6889404749132294
1667747602 -0.2598147045515421 -5.015595192611758 0.0 0.0 0.0 0.6889404749132294 0.6889404749132294
1667747604 -0.2307999023954156 -4.686425857567415 0.0 0.0 0.0 0.6839043449235774 0.6839043449235774
1667747605 -0.22626122966532022 -4.635933537137213 0.0 0.0 0.0 0.6902624136171065 0.6902624136171065
1667747606 -0.22252206368973326 -4.432253518444472 0.0 0.0 0.0 0.6842896845747174 0.6842896845747174
1667747607 -0.20304585856189672 -4.228414992916648 0.0 0.0 0.0 0.6866785834441608 0.6866785834441608
1667747608 -0.20493136055206088 -4.14312069707421 0.0 0.0 0.0 0.70159732169123 0.70159732169123
1667747608 -0.20493136055206088 -4.14312069707421 0.0 0.0 0.0 0.70159732169123 0.70159732169123
1667747610 -0.20329396428694735 -3.9595513252349908 0.0 0.0 0.0 0.7079973697843807 0.7079973697843807
1667747611 -0.19079093317943707 -3.7538746195796593 0.0 0.0 0.0 0.7056632972499732 0.7056632972499732
1667747612 -0.1920682665123581 -3.541559744676291 0.0 0.0 0.0 0.7048564338427123 0.7048564338427123
1667747612 -0.1920682665123581 -3.541559744676291 0.0 0.0 0.0 0.7048564338427123 0.7048564338427123
1667747614 -0.17014835823725433 -3.327614658283568 0.0 0.0 0.0 0.7060537126846301 0.7060537126846301
1667747615 -0.1717327778722619 -3.125865546342924 0.0 0.0 0.0 0.7059954683645595 0.7059954683645595
1667747615 -0.1717327778722619 -3.125865546342924 0.0 0.0 0.0 0.7059954683645595 0.7059954683645595
1667747617 -0.17052996228908482 -2.9169416569057085 0.0 0.0 0.0 0.705649307684343 0.705649307684343
1667747618 -0.15956363047564887 -2.69950706081368 0.0 0.0 0.0 0.7066824917386101 0.7066824917386101
1667747618 -0.15956363047564887 -2.69950706081368 0.0 0.0 0.0 0.7066824917386101 0.7066824917386101
1667747620 -0.16108499477121263 -2.392191738091437 0.0 0.0 0.0 0.7119006458469793 0.7119006458469793
1667747621 -0.13696457133491519 -2.245440387687396 0.0 0.0 0.0 0.7054197016026797 0.7054197016026797
1667747621 -0.13696457133491519 -2.245440387687396 0.0 0.0 0.0 0.7054197016026797 0.7054197016026797
1667747623 -0.1412220395581683 -2.026179153556971 0.0 0.0 0.0 0.7062205029440386 0.7062205029440386
1667747624 -0.137826642658912 -1.8195537280360756 0.0 0.0 0.0 0.7061823419671689 0.7061823419671689
1667747624 -0.137826642658912 -1.8195537280360756 0.0 0.0 0.0 0.7061823419671689 0.7061823419671689
1667747626 -0.13771304039335952 -1.6083557508725916 0.0 0.0 0.0 0.7049059565999987 0.7049059565999987
1667747627 -0.1429303333505572 -1.3983500828335258 0.0 0.0 0.0 0.7050591774881692 0.7050591774881692
1667747628 -0.14262608776439886 -1.2088456486115948 0.0 0.0 0.0 0.6987712571980982 0.6987712571980982
1667747628 -0.14262608776439886 -1.2088456486115948 0.0 0.0 0.0 0.6987712571980982 0.6987712571980982
1667747630 -0.13334415264822497 -1.0049465148119394 0.0 0.0 0.0 0.6970701375761678 0.6970701375761678
1667747631 -0.10808013691175643 -0.8022196356018212 0.0 0.0 0.0 0.6930531634734879 0.6930531634734879
1667747631 -0.10808013691175643 -0.8022196356018212 0.0 0.0 0.0 0.6930531634734879 0.6930531634734879
1667747633 -0.08843817870786909 -0.6026765725880142 0.0 0.0 0.0 0.6949451174343333 0.6949451174343333
1667747634 -0.08120155595686022 -0.4004646213829262 0.0 0.0 0.0 0.6927522485095053 0.6927522485095053
1667747635 -0.07177623302038544 -0.2005210573252337 0.0 0.0 0.0 0.693601143149499 0.693601143149499
1667747635 -0.07177623302038544 -0.2005210573252337 0.0 0.0 0.0 0.693601143149499 0.693601143149499